5 0 0 0 0 1 .5 1
5 1 1 1 .00100000000000000000 1 .5 1
5 2 2 2 .00200000000000000000 1 .5 1
5 3 3 3 .00300000000000000000 1 .5 1
5 4 4 4 .00400000000000000000 1 .5 1
5 5 5 5 .00500000000000000000 1 .5 1
5 6 6 6 .00600000000000000000 1 .5 1
5 7 7 7 .00700000000000000000 1 .5 1
5 8 8 8 .00800000000000000000 1 .5 1
5 9 9 9 .00900000000000000000 1 .5 1
5 10 10 10 .01000000000000000000 1 .5 1
5 11 11 11 .01100000000000000000 1 .5 1
5 12 12 12 .01200000000000000000 1 .5 1
5 13 13 13 .01300000000000000000 1 .5 1
5 14 14 14 .01400000000000000000 1 .5 1
5 15 15 15 .01500000000000000000 1 .5 1
5 16 16 16 .01600000000000000000 1 .5 1
5 17 17 17 .01700000000000000000 1 .5 1
5 18 18 18 .01800000000000000000 1 .5 1
5 19 19 19 .01900000000000000000 1 .5 1
5 20 20 20 .02000000000000000000 1 .5 1
5 21 21 21 .02100000000000000000 1 .5 1
5 22 22 22 .02200000000000000000 1 .5 1
5 23 23 23 .02300000000000000000 1 .5 1
5 24 24 24 .02400000000000000000 1 .5 1
5 25 25 25 .02500000000000000000 1 .5 1
5 26 26 26 .02600000000000000000 1 .5 1
5 27 27 27 .02700000000000000000 1 .5 1
5 28 28 28 .02800000000000000000 1 .5 1
5 29 29 29 .02900000000000000000 1 .5 1
5 30 30 30 .03000000000000000000 1 .5 1
5 31 31 31 .03100000000000000000 1 .5 1
5 32 32 32 .03200000000000000000 1 .5 1
5 33 33 33 .03300000000000000000 1 .5 1
5 34 34 34 .03400000000000000000 1 .5 1
5 35 35 35 .03500000000000000000 1 .5 1
5 36 36 36 .03600000000000000000 1 .5 1
5 37 37 37 .03700000000000000000 1 .5 1
5 38 38 38 .03800000000000000000 1 .5 1
5 39 39 39 .03900000000000000000 1 .5 1
5 40 40 40 .04000000000000000000 1 .5 1
5 41 41 41 .04100000000000000000 1 .5 1
5 42 42 42 .04200000000000000000 1 .5 1
5 43 43 43 .04300000000000000000 1 .5 1
5 44 44 44 .04400000000000000000 1 .5 1
5 45 45 45 .04500000000000000000 1 .5 1
5 46 46 46 .04600000000000000000 1 .5 1
5 47 47 47 .04700000000000000000 1 .5 1
5 48 48 48 .04800000000000000000 1 .5 1
5 49 49 49 .04900000000000000000 1 .5 1
5 50 50 50 .05000000000000000000 1 .5 1
5 51 51 51 .05100000000000000000 1 .5 1
5 52 52 52 .05200000000000000000 1 .5 1
5 53 53 53 .05300000000000000000 1 .5 1
5 54 54 54 .05400000000000000000 1 .5 1
5 55 55 55 .05500000000000000000 1 .5 1
5 56 56 56 .05600000000000000000 1 .5 1
5 57 57 57 .05700000000000000000 1 .5 1
5 58 58 58 .05800000000000000000 1 .5 1
5 59 59 59 .05900000000000000000 1 .5 1
5 60 60 60 .06000000000000000000 1 .5 1
5 61 61 61 .06100000000000000000 1 .5 1
5 62 62 62 .06200000000000000000 1 .5 1
5 63 63 63 .06300000000000000000 1 .5 1
5 64 64 64 .06400000000000000000 1 .5 1
5 65 65 65 .06500000000000000000 1 .5 1
5 66 66 66 .06600000000000000000 1 .5 1
5 67 67 67 .06700000000000000000 1 .5 1
5 68 68 68 .06800000000000000000 1 .5 1
5 69 69 69 .06900000000000000000 1 .5 1
5 70 70 70 .07000000000000000000 1 .5 1
5 71 71 71 .07100000000000000000 1 .5 1
5 72 72 72 .07200000000000000000 1 .5 1
5 73 73 73 .07300000000000000000 1 .5 1
5 74 74 74 .07400000000000000000 1 .5 1
5 75 75 75 .07500000000000000000 1 .5 1
5 76 76 76 .07600000000000000000 1 .5 1
5 77 77 77 .07700000000000000000 1 .5 1
5 78 78 78 .07800000000000000000 1 .5 1
5 79 79 79 .07900000000000000000 1 .5 1
5 80 80 80 .08000000000000000000 1 .5 1
5 81 81 81 .08100000000000000000 1 .5 1
5 82 82 82 .08200000000000000000 1 .5 1
5 83 83 83 .08300000000000000000 1 .5 1
5 84 84 84 .08400000000000000000 1 .5 1
5 85 85 85 .08500000000000000000 1 .5 1
5 86 86 86 .08600000000000000000 1 .5 1
5 87 87 87 .08700000000000000000 1 .5 1
5 88 88 88 .08800000000000000000 1 .5 1
5 89 89 89 .08900000000000000000 1 .5 1
5 90 90 90 .09000000000000000000 1 .5 1
5 91 91 91 .09100000000000000000 1 .5 1
5 92 92 92 .09200000000000000000 1 .5 1
5 93 93 93 .09300000000000000000 1 .5 1
5 94 94 94 .09400000000000000000 1 .5 1
5 95 95 95 .09500000000000000000 1 .5 1
5 96 96 96 .09600000000000000000 1 .5 1
5 97 97 97 .09700000000000000000 1 .5 1
5 98 98 98 .09800000000000000000 1 .5 1
5 99 99 99 .09900000000000000000 1 .5 1
5 100 100 100 .10000000000000000000 1 .5 1
5 101 101 101 .10100000000000000000 1 .5 1
5 102 102 102 .10200000000000000000 1 .5 1
5 103 103 103 .10300000000000000000 1 .5 1
5 104 104 104 .10400000000000000000 1 .5 1
5 105 105 105 .10500000000000000000 1 .5 1
5 106 106 106 .10600000000000000000 1 .5 1
5 107 107 107 .10700000000000000000 1 .5 1
5 108 108 108 .10800000000000000000 1 .5 1
5 109 109 109 .10900000000000000000 1 .5 1
5 110 110 110 .11000000000000000000 1 .5 1
5 111 111 111 .11100000000000000000 1 .5 1
5 112 112 112 .11200000000000000000 1 .5 1
5 113 113 113 .11300000000000000000 1 .5 1
5 114 114 114 .11400000000000000000 1 .5 1
5 115 115 115 .11500000000000000000 1 .5 1
5 116 116 116 .11600000000000000000 1 .5 1
5 117 117 117 .11700000000000000000 1 .5 1
5 118 118 118 .11800000000000000000 1 .5 1
5 119 119 119 .11900000000000000000 1 .5 1
5 120 120 120 .12000000000000000000 1 .5 1
5 121 121 121 .12100000000000000000 1 .5 1
5 122 122 122 .12200000000000000000 1 .5 1
5 123 123 123 .12300000000000000000 1 .5 1
5 124 124 124 .12400000000000000000 1 .5 1
5 125 125 125 .12500000000000000000 1 .5 1
5 126 126 126 .12600000000000000000 1 .5 1
5 127 127 127 .12700000000000000000 1 .5 1
5 128 128 128 .12800000000000000000 1 .5 1
5 129 129 129 .12900000000000000000 1 .5 1
5 130 130 130 .13000000000000000000 1 .5 1
5 131 131 131 .13100000000000000000 1 .5 1
5 132 132 132 .13200000000000000000 1 .5 1
5 133 133 133 .13300000000000000000 1 .5 1
5 134 134 134 .13400000000000000000 1 .5 1
5 135 135 135 .13500000000000000000 1 .5 1
5 136 136 136 .13600000000000000000 1 .5 1
5 137 137 137 .13700000000000000000 1 .5 1
5 138 138 138 .13800000000000000000 1 .5 1
5 139 139 139 .13900000000000000000 1 .5 1
5 140 140 140 .14000000000000000000 1 .5 1
5 141 141 141 .14100000000000000000 1 .5 1
5 142 142 142 .14200000000000000000 1 .5 1
5 143 143 143 .14300000000000000000 1 .5 1
5 144 144 144 .14400000000000000000 1 .5 1
5 145 145 145 .14500000000000000000 1 .5 1
5 146 146 146 .14600000000000000000 1 .5 1
5 147 147 147 .14700000000000000000 1 .5 1
5 148 148 148 .14800000000000000000 1 .5 1
5 149 149 149 .14900000000000000000 1 .5 1
5 150 150 150 .15000000000000000000 1 .5 1
5 151 151 151 .15100000000000000000 1 .5 1
5 152 152 152 .15200000000000000000 1 .5 1
5 153 153 153 .15300000000000000000 1 .5 1
5 154 154 154 .15400000000000000000 1 .5 1
5 155 155 155 .15500000000000000000 1 .5 1
5 156 156 156 .15600000000000000000 1 .5 1
5 157 157 157 .15700000000000000000 1 .5 1
5 158 158 158 .15800000000000000000 1 .5 1
5 159 159 159 .15900000000000000000 1 .5 1
5 160 160 160 .16000000000000000000 1 .5 1
5 161 161 161 .16100000000000000000 1 .5 1
5 162 162 162 .16200000000000000000 1 .5 1
5 163 163 163 .16300000000000000000 1 .5 1
5 164 164 164 .16400000000000000000 1 .5 1
5 165 165 165 .16500000000000000000 1 .5 1
5 166 166 166 .16600000000000000000 1 .5 1
5 167 167 167 .16700000000000000000 1 .5 1
5 168 168 168 .16800000000000000000 1 .5 1
5 169 169 169 .16900000000000000000 1 .5 1
5 170 170 170 .17000000000000000000 1 .5 1
5 171 171 171 .17100000000000000000 1 .5 1
5 172 172 172 .17200000000000000000 1 .5 1
5 173 173 173 .17300000000000000000 1 .5 1
5 174 174 174 .17400000000000000000 1 .5 1
5 175 175 175 .17500000000000000000 1 .5 1
5 176 176 176 .17600000000000000000 1 .5 1
5 177 177 177 .17700000000000000000 1 .5 1
5 178 178 178 .17800000000000000000 1 .5 1
5 179 179 179 .17900000000000000000 1 .5 1
5 180 180 180 .18000000000000000000 1 .5 1
5 181 181 181 .18100000000000000000 1 .5 1
5 182 182 182 .18200000000000000000 1 .5 1
5 183 183 183 .18300000000000000000 1 .5 1
5 184 184 184 .18400000000000000000 1 .5 1
5 185 185 185 .18500000000000000000 1 .5 1
5 186 186 186 .18600000000000000000 1 .5 1
5 187 187 187 .18700000000000000000 1 .5 1
5 188 188 188 .18800000000000000000 1 .5 1
5 189 189 189 .18900000000000000000 1 .5 1
5 190 190 190 .19000000000000000000 1 .5 1
5 191 191 191 .19100000000000000000 1 .5 1
5 192 192 192 .19200000000000000000 1 .5 1
5 193 193 193 .19300000000000000000 1 .5 1
5 194 194 194 .19400000000000000000 1 .5 1
5 195 195 195 .19500000000000000000 1 .5 1
5 196 196 196 .19600000000000000000 1 .5 1
5 197 197 197 .19700000000000000000 1 .5 1
5 198 198 198 .19800000000000000000 1 .5 1
5 199 199 199 .19900000000000000000 1 .5 1
5 200 200 200 .20000000000000000000 1 .5 1
5 201 201 201 .20100000000000000000 1 .5 1
5 202 202 202 .20200000000000000000 1 .5 1
5 203 203 203 .20300000000000000000 1 .5 1
5 204 204 204 .20400000000000000000 1 .5 1
5 205 205 205 .20500000000000000000 1 .5 1
5 206 206 206 .20600000000000000000 1 .5 1
5 207 207 207 .20700000000000000000 1 .5 1
5 208 208 208 .20800000000000000000 1 .5 1
5 209 209 209 .20900000000000000000 1 .5 1
5 210 210 210 .21000000000000000000 1 .5 1
5 211 211 211 .21100000000000000000 1 .5 1
5 212 212 212 .21200000000000000000 1 .5 1
5 213 213 213 .21300000000000000000 1 .5 1
5 214 214 214 .21400000000000000000 1 .5 1
5 215 215 215 .21500000000000000000 1 .5 1
5 216 216 216 .21600000000000000000 1 .5 1
5 217 217 217 .21700000000000000000 1 .5 1
5 218 218 218 .21800000000000000000 1 .5 1
5 219 219 219 .21900000000000000000 1 .5 1
5 220 220 220 .22000000000000000000 1 .5 1
5 221 221 221 .22100000000000000000 1 .5 1
5 222 222 222 .22200000000000000000 1 .5 1
5 223 223 223 .22300000000000000000 1 .5 1
5 224 224 224 .22400000000000000000 1 .5 1
5 225 225 225 .22500000000000000000 1 .5 1
5 226 226 226 .22600000000000000000 1 .5 1
5 227 227 227 .22700000000000000000 1 .5 1
5 228 228 228 .22800000000000000000 1 .5 1
5 229 229 229 .22900000000000000000 1 .5 1
5 230 230 230 .23000000000000000000 1 .5 1
5 231 231 231 .23100000000000000000 1 .5 1
5 232 232 232 .23200000000000000000 1 .5 1
5 233 233 233 .23300000000000000000 1 .5 1
5 234 234 234 .23400000000000000000 1 .5 1
5 235 235 235 .23500000000000000000 1 .5 1
5 236 236 236 .23600000000000000000 1 .5 1
5 237 237 237 .23700000000000000000 1 .5 1
5 238 238 238 .23800000000000000000 1 .5 1
5 239 239 239 .23900000000000000000 1 .5 1
5 240 240 240 .24000000000000000000 1 .5 1
5 241 241 241 .24100000000000000000 1 .5 1
5 242 242 242 .24200000000000000000 1 .5 1
5 243 243 243 .24300000000000000000 1 .5 1
5 244 244 244 .24400000000000000000 1 .5 1
5 245 245 245 .24500000000000000000 1 .5 1
5 246 246 246 .24600000000000000000 1 .5 1
5 247 247 247 .24700000000000000000 1 .5 1
5 248 248 248 .24800000000000000000 1 .5 1
5 249 249 249 .24900000000000000000 1 .5 1
5 250 250 250 .25000000000000000000 1 .5 1
5 251 251 251 .25100000000000000000 1 .5 1
5 252 252 252 .25200000000000000000 1 .5 1
5 253 253 253 .25300000000000000000 1 .5 1
5 254 254 254 .25400000000000000000 1 .5 1
5 255 255 255 .25500000000000000000 1 .5 1
5 256 256 256 .25600000000000000000 1 .5 1
5 257 257 257 .25700000000000000000 1 .5 1
5 258 258 258 .25800000000000000000 1 .5 1
5 259 259 259 .25900000000000000000 1 .5 1
5 260 260 260 .26000000000000000000 1 .5 1
5 261 261 261 .26100000000000000000 1 .5 1
5 262 262 262 .26200000000000000000 1 .5 1
5 263 263 263 .26300000000000000000 1 .5 1
5 264 264 264 .26400000000000000000 1 .5 1
5 265 265 265 .26500000000000000000 1 .5 1
5 266 266 266 .26600000000000000000 1 .5 1
5 267 267 267 .26700000000000000000 1 .5 1
5 268 268 268 .26800000000000000000 1 .5 1
5 269 269 269 .26900000000000000000 1 .5 1
5 270 270 270 .27000000000000000000 1 .5 1
5 271 271 271 .27100000000000000000 1 .5 1
5 272 272 272 .27200000000000000000 1 .5 1
5 273 273 273 .27300000000000000000 1 .5 1
5 274 274 274 .27400000000000000000 1 .5 1
5 275 275 275 .27500000000000000000 1 .5 1
5 276 276 276 .27600000000000000000 1 .5 1
5 277 277 277 .27700000000000000000 1 .5 1
5 278 278 278 .27800000000000000000 1 .5 1
5 279 279 279 .27900000000000000000 1 .5 1
5 280 280 280 .28000000000000000000 1 .5 1
5 281 281 281 .28100000000000000000 1 .5 1
5 282 282 282 .28200000000000000000 1 .5 1
5 283 283 283 .28300000000000000000 1 .5 1
5 284 284 284 .28400000000000000000 1 .5 1
5 285 285 285 .28500000000000000000 1 .5 1
5 286 286 286 .28600000000000000000 1 .5 1
5 287 287 287 .28700000000000000000 1 .5 1
5 288 288 288 .28800000000000000000 1 .5 1
5 289 289 289 .28900000000000000000 1 .5 1
5 290 290 290 .29000000000000000000 1 .5 1
5 291 291 291 .29100000000000000000 1 .5 1
5 292 292 292 .29200000000000000000 1 .5 1
5 293 293 293 .29300000000000000000 1 .5 1
5 294 294 294 .29400000000000000000 1 .5 1
5 295 295 295 .29500000000000000000 1 .5 1
5 296 296 296 .29600000000000000000 1 .5 1
5 297 297 297 .29700000000000000000 1 .5 1
5 298 298 298 .29800000000000000000 1 .5 1
5 299 299 299 .29900000000000000000 1 .5 1
5 300 300 300 .30000000000000000000 1 .5 1
5 301 301 301 .30100000000000000000 1 .5 1
5 302 302 302 .30200000000000000000 1 .5 1
5 303 303 303 .30300000000000000000 1 .5 1
5 304 304 304 .30400000000000000000 1 .5 1
5 305 305 305 .30500000000000000000 1 .5 1
5 306 306 306 .30600000000000000000 1 .5 1
5 307 307 307 .30700000000000000000 1 .5 1
5 308 308 308 .30800000000000000000 1 .5 1
5 309 309 309 .30900000000000000000 1 .5 1
5 310 310 310 .31000000000000000000 1 .5 1
5 311 311 311 .31100000000000000000 1 .5 1
5 312 312 312 .31200000000000000000 1 .5 1
5 313 313 313 .31300000000000000000 1 .5 1
5 314 314 314 .31400000000000000000 1 .5 1
5 315 315 315 .31500000000000000000 1 .5 1
5 316 316 316 .31600000000000000000 1 .5 1
5 317 317 317 .31700000000000000000 1 .5 1
5 318 318 318 .31800000000000000000 1 .5 1
5 319 319 319 .31900000000000000000 1 .5 1
5 320 320 320 .32000000000000000000 1 .5 1
5 321 321 321 .32100000000000000000 1 .5 1
5 322 322 322 .32200000000000000000 1 .5 1
5 323 323 323 .32300000000000000000 1 .5 1
5 324 324 324 .32400000000000000000 1 .5 1
5 325 325 325 .32500000000000000000 1 .5 1
5 326 326 326 .32600000000000000000 1 .5 1
5 327 327 327 .32700000000000000000 1 .5 1
5 328 328 328 .32800000000000000000 1 .5 1
5 329 329 329 .32900000000000000000 1 .5 1
5 330 330 330 .33000000000000000000 1 .5 1
5 331 331 331 .33100000000000000000 1 .5 1
5 332 332 332 .33200000000000000000 1 .5 1
5 333 333 333 .33300000000000000000 1 .5 1
5 334 334 334 .33400000000000000000 1 .5 1
5 335 335 335 .33500000000000000000 1 .5 1
5 336 336 336 .33600000000000000000 1 .5 1
5 337 337 337 .33700000000000000000 1 .5 1
5 338 338 338 .33800000000000000000 1 .5 1
5 339 339 339 .33900000000000000000 1 .5 1
5 340 340 340 .34000000000000000000 1 .5 1
5 341 341 341 .34100000000000000000 1 .5 1
5 342 342 342 .34200000000000000000 1 .5 1
5 343 343 343 .34300000000000000000 1 .5 1
5 344 344 344 .34400000000000000000 1 .5 1
5 345 345 345 .34500000000000000000 1 .5 1
5 346 346 346 .34600000000000000000 1 .5 1
5 347 347 347 .34700000000000000000 1 .5 1
5 348 348 348 .34800000000000000000 1 .5 1
5 349 349 349 .34900000000000000000 1 .5 1
5 350 350 350 .35000000000000000000 1 .5 1
5 351 351 351 .35100000000000000000 1 .5 1
5 352 352 352 .35200000000000000000 1 .5 1
5 353 353 353 .35300000000000000000 1 .5 1
5 354 354 354 .35400000000000000000 1 .5 1
5 355 355 355 .35500000000000000000 1 .5 1
5 356 356 356 .35600000000000000000 1 .5 1
5 357 357 357 .35700000000000000000 1 .5 1
5 358 358 358 .35800000000000000000 1 .5 1
5 359 359 359 .35900000000000000000 1 .5 1
5 360 360 360 .36000000000000000000 1 .5 1
5 361 361 361 .36100000000000000000 1 .5 1
5 362 362 362 .36200000000000000000 1 .5 1
5 363 363 363 .36300000000000000000 1 .5 1
5 364 364 364 .36400000000000000000 1 .5 1
5 365 365 365 .36500000000000000000 1 .5 1
5 366 366 366 .36600000000000000000 1 .5 1
5 367 367 367 .36700000000000000000 1 .5 1
5 368 368 368 .36800000000000000000 1 .5 1
5 369 369 369 .36900000000000000000 1 .5 1
5 370 370 370 .37000000000000000000 1 .5 1
5 371 371 371 .37100000000000000000 1 .5 1
5 372 372 372 .37200000000000000000 1 .5 1
5 373 373 373 .37300000000000000000 1 .5 1
5 374 374 374 .37400000000000000000 1 .5 1
5 375 375 375 .37500000000000000000 1 .5 1
5 376 376 376 .37600000000000000000 1 .5 1
5 377 377 377 .37700000000000000000 1 .5 1
5 378 378 378 .37800000000000000000 1 .5 1
5 379 379 379 .37900000000000000000 1 .5 1
5 380 380 380 .38000000000000000000 1 .5 1
5 381 381 381 .38100000000000000000 1 .5 1
5 382 382 382 .38200000000000000000 1 .5 1
5 383 383 383 .38300000000000000000 1 .5 1
5 384 384 384 .38400000000000000000 1 .5 1
5 385 385 385 .38500000000000000000 1 .5 1
5 386 386 386 .38600000000000000000 1 .5 1
5 387 387 387 .38700000000000000000 1 .5 1
5 388 388 388 .38800000000000000000 1 .5 1
5 389 389 389 .38900000000000000000 1 .5 1
5 390 390 390 .39000000000000000000 1 .5 1
5 391 391 391 .39100000000000000000 1 .5 1
5 392 392 392 .39200000000000000000 1 .5 1
5 393 393 393 .39300000000000000000 1 .5 1
5 394 394 394 .39400000000000000000 1 .5 1
5 395 395 395 .39500000000000000000 1 .5 1
5 396 396 396 .39600000000000000000 1 .5 1
5 397 397 397 .39700000000000000000 1 .5 1
5 398 398 398 .39800000000000000000 1 .5 1
5 399 399 399 .39900000000000000000 1 .5 1
5 400 400 400 .40000000000000000000 1 .5 1
5 401 401 401 .40100000000000000000 1 .5 1
5 402 402 402 .40200000000000000000 1 .5 1
5 403 403 403 .40300000000000000000 1 .5 1
5 404 404 404 .40400000000000000000 1 .5 1
5 405 405 405 .40500000000000000000 1 .5 1
5 406 406 406 .40600000000000000000 1 .5 1
5 407 407 407 .40700000000000000000 1 .5 1
5 408 408 408 .40800000000000000000 1 .5 1
5 409 409 409 .40900000000000000000 1 .5 1
5 410 410 410 .41000000000000000000 1 .5 1
5 411 411 411 .41100000000000000000 1 .5 1
5 412 412 412 .41200000000000000000 1 .5 1
5 413 413 413 .41300000000000000000 1 .5 1
5 414 414 414 .41400000000000000000 1 .5 1
5 415 415 415 .41500000000000000000 1 .5 1
5 416 416 416 .41600000000000000000 1 .5 1
5 417 417 417 .41700000000000000000 1 .5 1
5 418 418 418 .41800000000000000000 1 .5 1
5 419 419 419 .41900000000000000000 1 .5 1
5 420 420 420 .42000000000000000000 1 .5 1
5 421 421 421 .42100000000000000000 1 .5 1
5 422 422 422 .42200000000000000000 1 .5 1
5 423 423 423 .42300000000000000000 1 .5 1
5 424 424 424 .42400000000000000000 1 .5 1
5 425 425 425 .42500000000000000000 1 .5 1
5 426 426 426 .42600000000000000000 1 .5 1
5 427 427 427 .42700000000000000000 1 .5 1
5 428 428 428 .42800000000000000000 1 .5 1
5 429 429 429 .42900000000000000000 1 .5 1
5 430 430 430 .43000000000000000000 1 .5 1
5 431 431 431 .43100000000000000000 1 .5 1
5 432 432 432 .43200000000000000000 1 .5 1
5 433 433 433 .43300000000000000000 1 .5 1
5 434 434 434 .43400000000000000000 1 .5 1
5 435 435 435 .43500000000000000000 1 .5 1
5 436 436 436 .43600000000000000000 1 .5 1
5 437 437 437 .43700000000000000000 1 .5 1
5 438 438 438 .43800000000000000000 1 .5 1
5 439 439 439 .43900000000000000000 1 .5 1
5 440 440 440 .44000000000000000000 1 .5 1
5 441 441 441 .44100000000000000000 1 .5 1
5 442 442 442 .44200000000000000000 1 .5 1
5 443 443 443 .44300000000000000000 1 .5 1
5 444 444 444 .44400000000000000000 1 .5 1
5 445 445 445 .44500000000000000000 1 .5 1
5 446 446 446 .44600000000000000000 1 .5 1
5 447 447 447 .44700000000000000000 1 .5 1
5 448 448 448 .44800000000000000000 1 .5 1
5 449 449 449 .44900000000000000000 1 .5 1
5 450 450 450 .45000000000000000000 1 .5 1
5 451 451 451 .45100000000000000000 1 .5 1
5 452 452 452 .45200000000000000000 1 .5 1
5 453 453 453 .45300000000000000000 1 .5 1
5 454 454 454 .45400000000000000000 1 .5 1
5 455 455 455 .45500000000000000000 1 .5 1
5 456 456 456 .45600000000000000000 1 .5 1
5 457 457 457 .45700000000000000000 1 .5 1
5 458 458 458 .45800000000000000000 1 .5 1
5 459 459 459 .45900000000000000000 1 .5 1
5 460 460 460 .46000000000000000000 1 .5 1
5 461 461 461 .46100000000000000000 1 .5 1
5 462 462 462 .46200000000000000000 1 .5 1
5 463 463 463 .46300000000000000000 1 .5 1
5 464 464 464 .46400000000000000000 1 .5 1
5 465 465 465 .46500000000000000000 1 .5 1
5 466 466 466 .46600000000000000000 1 .5 1
5 467 467 467 .46700000000000000000 1 .5 1
5 468 468 468 .46800000000000000000 1 .5 1
5 469 469 469 .46900000000000000000 1 .5 1
5 470 470 470 .47000000000000000000 1 .5 1
5 471 471 471 .47100000000000000000 1 .5 1
5 472 472 472 .47200000000000000000 1 .5 1
5 473 473 473 .47300000000000000000 1 .5 1
5 474 474 474 .47400000000000000000 1 .5 1
5 475 475 475 .47500000000000000000 1 .5 1
5 476 476 476 .47600000000000000000 1 .5 1
5 477 477 477 .47700000000000000000 1 .5 1
5 478 478 478 .47800000000000000000 1 .5 1
5 479 479 479 .47900000000000000000 1 .5 1
5 480 480 480 .48000000000000000000 1 .5 1
5 481 481 481 .48100000000000000000 1 .5 1
5 482 482 482 .48200000000000000000 1 .5 1
5 483 483 483 .48300000000000000000 1 .5 1
5 484 484 484 .48400000000000000000 1 .5 1
5 485 485 485 .48500000000000000000 1 .5 1
5 486 486 486 .48600000000000000000 1 .5 1
5 487 487 487 .48700000000000000000 1 .5 1
5 488 488 488 .48800000000000000000 1 .5 1
5 489 489 489 .48900000000000000000 1 .5 1
5 490 490 490 .49000000000000000000 1 .5 1
5 491 491 491 .49100000000000000000 1 .5 1
5 492 492 492 .49200000000000000000 1 .5 1
5 493 493 493 .49300000000000000000 1 .5 1
5 494 494 494 .49400000000000000000 1 .5 1
5 495 495 495 .49500000000000000000 1 .5 1
5 496 496 496 .49600000000000000000 1 .5 1
5 497 497 497 .49700000000000000000 1 .5 1
5 498 498 498 .49800000000000000000 1 .5 1
5 499 499 499 .49900000000000000000 1 .5 1
5 500 500 500 .50000000000000000000 1 .5 1
5 501 501 501 .50100000000000000000 1 .5 1
5 502 502 502 .50200000000000000000 1 .5 1
5 503 503 503 .50300000000000000000 1 .5 1
5 504 504 504 .50400000000000000000 1 .5 1
5 505 505 505 .50500000000000000000 1 .5 1
5 506 506 506 .50600000000000000000 1 .5 1
5 507 507 507 .50700000000000000000 1 .5 1
5 508 508 508 .50800000000000000000 1 .5 1
5 509 509 509 .50900000000000000000 1 .5 1
5 510 510 510 .51000000000000000000 1 .5 1
5 511 511 511 .51100000000000000000 1 .5 1
5 512 512 512 .51200000000000000000 1 .5 1
5 513 513 513 .51300000000000000000 1 .5 1
5 514 514 514 .51400000000000000000 1 .5 1
5 515 515 515 .51500000000000000000 1 .5 1
5 516 516 516 .51600000000000000000 1 .5 1
5 517 517 517 .51700000000000000000 1 .5 1
5 518 518 518 .51800000000000000000 1 .5 1
5 519 519 519 .51900000000000000000 1 .5 1
5 520 520 520 .52000000000000000000 1 .5 1
5 521 521 521 .52100000000000000000 1 .5 1
5 522 522 522 .52200000000000000000 1 .5 1
5 523 523 523 .52300000000000000000 1 .5 1
5 524 524 524 .52400000000000000000 1 .5 1
5 525 525 525 .52500000000000000000 1 .5 1
5 526 526 526 .52600000000000000000 1 .5 1
5 527 527 527 .52700000000000000000 1 .5 1
5 528 528 528 .52800000000000000000 1 .5 1
5 529 529 529 .52900000000000000000 1 .5 1
5 530 530 530 .53000000000000000000 1 .5 1
5 531 531 531 .53100000000000000000 1 .5 1
5 532 532 532 .53200000000000000000 1 .5 1
5 533 533 533 .53300000000000000000 1 .5 1
5 534 534 534 .53400000000000000000 1 .5 1
5 535 535 535 .53500000000000000000 1 .5 1
5 536 536 536 .53600000000000000000 1 .5 1
5 537 537 537 .53700000000000000000 1 .5 1
5 538 538 538 .53800000000000000000 1 .5 1
5 539 539 539 .53900000000000000000 1 .5 1
5 540 540 540 .54000000000000000000 1 .5 1
5 541 541 541 .54100000000000000000 1 .5 1
5 542 542 542 .54200000000000000000 1 .5 1
5 543 543 543 .54300000000000000000 1 .5 1
5 544 544 544 .54400000000000000000 1 .5 1
5 545 545 545 .54500000000000000000 1 .5 1
5 546 546 546 .54600000000000000000 1 .5 1
5 547 547 547 .54700000000000000000 1 .5 1
5 548 548 548 .54800000000000000000 1 .5 1
5 549 549 549 .54900000000000000000 1 .5 1
5 550 550 550 .55000000000000000000 1 .5 1
5 551 551 551 .55100000000000000000 1 .5 1
5 552 552 552 .55200000000000000000 1 .5 1
5 553 553 553 .55300000000000000000 1 .5 1
5 554 554 554 .55400000000000000000 1 .5 1
5 555 555 555 .55500000000000000000 1 .5 1
5 556 556 556 .55600000000000000000 1 .5 1
5 557 557 557 .55700000000000000000 1 .5 1
5 558 558 558 .55800000000000000000 1 .5 1
5 559 559 559 .55900000000000000000 1 .5 1
5 560 560 560 .56000000000000000000 1 .5 1
5 561 561 561 .56100000000000000000 1 .5 1
5 562 562 562 .56200000000000000000 1 .5 1
5 563 563 563 .56300000000000000000 1 .5 1
5 564 564 564 .56400000000000000000 1 .5 1
5 565 565 565 .56500000000000000000 1 .5 1
5 566 566 566 .56600000000000000000 1 .5 1
5 567 567 567 .56700000000000000000 1 .5 1
5 568 568 568 .56800000000000000000 1 .5 1
5 569 569 569 .56900000000000000000 1 .5 1
5 570 570 570 .57000000000000000000 1 .5 1
5 571 571 571 .57100000000000000000 1 .5 1
5 572 572 572 .57200000000000000000 1 .5 1
5 573 573 573 .57300000000000000000 1 .5 1
5 574 574 574 .57400000000000000000 1 .5 1
5 575 575 575 .57500000000000000000 1 .5 1
5 576 576 576 .57600000000000000000 1 .5 1
5 577 577 577 .57700000000000000000 1 .5 1
5 578 578 578 .57800000000000000000 1 .5 1
5 579 579 579 .57900000000000000000 1 .5 1
5 580 580 580 .58000000000000000000 1 .5 1
5 581 581 581 .58100000000000000000 1 .5 1
5 582 582 582 .58200000000000000000 1 .5 1
5 583 583 583 .58300000000000000000 1 .5 1
5 584 584 584 .58400000000000000000 1 .5 1
5 585 585 585 .58500000000000000000 1 .5 1
5 586 586 586 .58600000000000000000 1 .5 1
5 587 587 587 .58700000000000000000 1 .5 1
5 588 588 588 .58800000000000000000 1 .5 1
5 589 589 589 .58900000000000000000 1 .5 1
5 590 590 590 .59000000000000000000 1 .5 1
5 591 591 591 .59100000000000000000 1 .5 1
5 592 592 592 .59200000000000000000 1 .5 1
5 593 593 593 .59300000000000000000 1 .5 1
5 594 594 594 .59400000000000000000 1 .5 1
5 595 595 595 .59500000000000000000 1 .5 1
5 596 596 596 .59600000000000000000 1 .5 1
5 597 597 597 .59700000000000000000 1 .5 1
5 598 598 598 .59800000000000000000 1 .5 1
5 599 599 599 .59900000000000000000 1 .5 1
5 600 600 600 .60000000000000000000 1 .5 1
5 601 601 601 .60100000000000000000 1 .5 1
5 602 602 602 .60200000000000000000 1 .5 1
5 603 603 603 .60300000000000000000 1 .5 1
5 604 604 604 .60400000000000000000 1 .5 1
5 605 605 605 .60500000000000000000 1 .5 1
5 606 606 606 .60600000000000000000 1 .5 1
5 607 607 607 .60700000000000000000 1 .5 1
5 608 608 608 .60800000000000000000 1 .5 1
5 609 609 609 .60900000000000000000 1 .5 1
5 610 610 610 .61000000000000000000 1 .5 1
5 611 611 611 .61100000000000000000 1 .5 1
5 612 612 612 .61200000000000000000 1 .5 1
5 613 613 613 .61300000000000000000 1 .5 1
5 614 614 614 .61400000000000000000 1 .5 1
5 615 615 615 .61500000000000000000 1 .5 1
5 616 616 616 .61600000000000000000 1 .5 1
5 617 617 617 .61700000000000000000 1 .5 1
5 618 618 618 .61800000000000000000 1 .5 1
5 619 619 619 .61900000000000000000 1 .5 1
5 620 620 620 .62000000000000000000 1 .5 1
5 621 621 621 .62100000000000000000 1 .5 1
5 622 622 622 .62200000000000000000 1 .5 1
5 623 623 623 .62300000000000000000 1 .5 1
5 624 624 624 .62400000000000000000 1 .5 1
5 625 625 625 .62500000000000000000 1 .5 1
5 626 626 626 .62600000000000000000 1 .5 1
5 627 627 627 .62700000000000000000 1 .5 1
5 628 628 628 .62800000000000000000 1 .5 1
5 629 629 629 .62900000000000000000 1 .5 1
5 630 630 630 .63000000000000000000 1 .5 1
5 631 631 631 .63100000000000000000 1 .5 1
5 632 632 632 .63200000000000000000 1 .5 1
5 633 633 633 .63300000000000000000 1 .5 1
5 634 634 634 .63400000000000000000 1 .5 1
5 635 635 635 .63500000000000000000 1 .5 1
5 636 636 636 .63600000000000000000 1 .5 1
5 637 637 637 .63700000000000000000 1 .5 1
5 638 638 638 .63800000000000000000 1 .5 1
5 639 639 639 .63900000000000000000 1 .5 1
5 640 640 640 .64000000000000000000 1 .5 1
5 641 641 641 .64100000000000000000 1 .5 1
5 642 642 642 .64200000000000000000 1 .5 1
5 643 643 643 .64300000000000000000 1 .5 1
5 644 644 644 .64400000000000000000 1 .5 1
5 645 645 645 .64500000000000000000 1 .5 1
5 646 646 646 .64600000000000000000 1 .5 1
5 647 647 647 .64700000000000000000 1 .5 1
5 648 648 648 .64800000000000000000 1 .5 1
5 649 649 649 .64900000000000000000 1 .5 1
5 650 650 650 .65000000000000000000 1 .5 1
5 651 651 651 .65100000000000000000 1 .5 1
5 652 652 652 .65200000000000000000 1 .5 1
5 653 653 653 .65300000000000000000 1 .5 1
5 654 654 654 .65400000000000000000 1 .5 1
5 655 655 655 .65500000000000000000 1 .5 1
5 656 656 656 .65600000000000000000 1 .5 1
5 657 657 657 .65700000000000000000 1 .5 1
5 658 658 658 .65800000000000000000 1 .5 1
5 659 659 659 .65900000000000000000 1 .5 1
5 660 660 660 .66000000000000000000 1 .5 1
5 661 661 661 .66100000000000000000 1 .5 1
5 662 662 662 .66200000000000000000 1 .5 1
5 663 663 663 .66300000000000000000 1 .5 1
5 664 664 664 .66400000000000000000 1 .5 1
5 665 665 665 .66500000000000000000 1 .5 1
5 666 666 666 .66600000000000000000 1 .5 1
5 667 667 667 .66700000000000000000 1 .5 1
5 668 668 668 .66800000000000000000 1 .5 1
5 669 669 669 .66900000000000000000 1 .5 1
5 670 670 670 .67000000000000000000 1 .5 1
5 671 671 671 .67100000000000000000 1 .5 1
5 672 672 672 .67200000000000000000 1 .5 1
5 673 673 673 .67300000000000000000 1 .5 1
5 674 674 674 .67400000000000000000 1 .5 1
5 675 675 675 .67500000000000000000 1 .5 1
5 676 676 676 .67600000000000000000 1 .5 1
5 677 677 677 .67700000000000000000 1 .5 1
5 678 678 678 .67800000000000000000 1 .5 1
5 679 679 679 .67900000000000000000 1 .5 1
5 680 680 680 .68000000000000000000 1 .5 1
5 681 681 681 .68100000000000000000 1 .5 1
5 682 682 682 .68200000000000000000 1 .5 1
5 683 683 683 .68300000000000000000 1 .5 1
5 684 684 684 .68400000000000000000 1 .5 1
5 685 685 685 .68500000000000000000 1 .5 1
5 686 686 686 .68600000000000000000 1 .5 1
5 687 687 687 .68700000000000000000 1 .5 1
5 688 688 688 .68800000000000000000 1 .5 1
5 689 689 689 .68900000000000000000 1 .5 1
5 690 690 690 .69000000000000000000 1 .5 1
5 691 691 691 .69100000000000000000 1 .5 1
5 692 692 692 .69200000000000000000 1 .5 1
5 693 693 693 .69300000000000000000 1 .5 1
5 694 694 694 .69400000000000000000 1 .5 1
5 695 695 695 .69500000000000000000 1 .5 1
5 696 696 696 .69600000000000000000 1 .5 1
5 697 697 697 .69700000000000000000 1 .5 1
5 698 698 698 .69800000000000000000 1 .5 1
5 699 699 699 .69900000000000000000 1 .5 1
5 700 700 700 .70000000000000000000 1 .5 1
5 701 701 701 .70100000000000000000 1 .5 1
5 702 702 702 .70200000000000000000 1 .5 1
5 703 703 703 .70300000000000000000 1 .5 1
5 704 704 704 .70400000000000000000 1 .5 1
5 705 705 705 .70500000000000000000 1 .5 1
5 706 706 706 .70600000000000000000 1 .5 1
5 707 707 707 .70700000000000000000 1 .5 1
5 708 708 708 .70800000000000000000 1 .5 1
5 709 709 709 .70900000000000000000 1 .5 1
5 710 710 710 .71000000000000000000 1 .5 1
5 711 711 711 .71100000000000000000 1 .5 1
5 712 712 712 .71200000000000000000 1 .5 1
5 713 713 713 .71300000000000000000 1 .5 1
5 714 714 714 .71400000000000000000 1 .5 1
5 715 715 715 .71500000000000000000 1 .5 1
5 716 716 716 .71600000000000000000 1 .5 1
5 717 717 717 .71700000000000000000 1 .5 1
5 718 718 718 .71800000000000000000 1 .5 1
5 719 719 719 .71900000000000000000 1 .5 1
5 720 720 720 .72000000000000000000 1 .5 1
5 721 721 721 .72100000000000000000 1 .5 1
5 722 722 722 .72200000000000000000 1 .5 1
5 723 723 723 .72300000000000000000 1 .5 1
5 724 724 724 .72400000000000000000 1 .5 1
5 725 725 725 .72500000000000000000 1 .5 1
5 726 726 726 .72600000000000000000 1 .5 1
5 727 727 727 .72700000000000000000 1 .5 1
5 728 728 728 .72800000000000000000 1 .5 1
5 729 729 729 .72900000000000000000 1 .5 1
5 730 730 730 .73000000000000000000 1 .5 1
5 731 731 731 .73100000000000000000 1 .5 1
5 732 732 732 .73200000000000000000 1 .5 1
5 733 733 733 .73300000000000000000 1 .5 1
5 734 734 734 .73400000000000000000 1 .5 1
5 735 735 735 .73500000000000000000 1 .5 1
5 736 736 736 .73600000000000000000 1 .5 1
5 737 737 737 .73700000000000000000 1 .5 1
5 738 738 738 .73800000000000000000 1 .5 1
5 739 739 739 .73900000000000000000 1 .5 1
5 740 740 740 .74000000000000000000 1 .5 1
5 741 741 741 .74100000000000000000 1 .5 1
5 742 742 742 .74200000000000000000 1 .5 1
5 743 743 743 .74300000000000000000 1 .5 1
5 744 744 744 .74400000000000000000 1 .5 1
5 745 745 745 .74500000000000000000 1 .5 1
5 746 746 746 .74600000000000000000 1 .5 1
5 747 747 747 .74700000000000000000 1 .5 1
5 748 748 748 .74800000000000000000 1 .5 1
5 749 749 749 .74900000000000000000 1 .5 1
5 750 750 750 .75000000000000000000 1 .5 1
5 751 751 751 .75100000000000000000 1 .5 1
5 752 752 752 .75200000000000000000 1 .5 1
5 753 753 753 .75300000000000000000 1 .5 1
5 754 754 754 .75400000000000000000 1 .5 1
5 755 755 755 .75500000000000000000 1 .5 1
5 756 756 756 .75600000000000000000 1 .5 1
5 757 757 757 .75700000000000000000 1 .5 1
5 758 758 758 .75800000000000000000 1 .5 1
5 759 759 759 .75900000000000000000 1 .5 1
5 760 760 760 .76000000000000000000 1 .5 1
5 761 761 761 .76100000000000000000 1 .5 1
5 762 762 762 .76200000000000000000 1 .5 1
5 763 763 763 .76300000000000000000 1 .5 1
5 764 764 764 .76400000000000000000 1 .5 1
5 765 765 765 .76500000000000000000 1 .5 1
5 766 766 766 .76600000000000000000 1 .5 1
5 767 767 767 .76700000000000000000 1 .5 1
5 768 768 768 .76800000000000000000 1 .5 1
5 769 769 769 .76900000000000000000 1 .5 1
5 770 770 770 .77000000000000000000 1 .5 1
5 771 771 771 .77100000000000000000 1 .5 1
5 772 772 772 .77200000000000000000 1 .5 1
5 773 773 773 .77300000000000000000 1 .5 1
5 774 774 774 .77400000000000000000 1 .5 1
5 775 775 775 .77500000000000000000 1 .5 1
5 776 776 776 .77600000000000000000 1 .5 1
5 777 777 777 .77700000000000000000 1 .5 1
5 778 778 778 .77800000000000000000 1 .5 1
5 779 779 779 .77900000000000000000 1 .5 1
5 780 780 780 .78000000000000000000 1 .5 1
5 781 781 781 .78100000000000000000 1 .5 1
5 782 782 782 .78200000000000000000 1 .5 1
5 783 783 783 .78300000000000000000 1 .5 1
5 784 784 784 .78400000000000000000 1 .5 1
5 785 785 785 .78500000000000000000 1 .5 1
5 786 786 786 .78600000000000000000 1 .5 1
5 787 787 787 .78700000000000000000 1 .5 1
5 788 788 788 .78800000000000000000 1 .5 1
5 789 789 789 .78900000000000000000 1 .5 1
5 790 790 790 .79000000000000000000 1 .5 1
5 791 791 791 .79100000000000000000 1 .5 1
5 792 792 792 .79200000000000000000 1 .5 1
5 793 793 793 .79300000000000000000 1 .5 1
5 794 794 794 .79400000000000000000 1 .5 1
5 795 795 795 .79500000000000000000 1 .5 1
5 796 796 796 .79600000000000000000 1 .5 1
5 797 797 797 .79700000000000000000 1 .5 1
5 798 798 798 .79800000000000000000 1 .5 1
5 799 799 799 .79900000000000000000 1 .5 1
5 800 800 800 .80000000000000000000 1 .5 1
5 801 801 801 .80100000000000000000 1 .5 1
5 802 802 802 .80200000000000000000 1 .5 1
5 803 803 803 .80300000000000000000 1 .5 1
5 804 804 804 .80400000000000000000 1 .5 1
5 805 805 805 .80500000000000000000 1 .5 1
5 806 806 806 .80600000000000000000 1 .5 1
5 807 807 807 .80700000000000000000 1 .5 1
5 808 808 808 .80800000000000000000 1 .5 1
5 809 809 809 .80900000000000000000 1 .5 1
5 810 810 810 .81000000000000000000 1 .5 1
5 811 811 811 .81100000000000000000 1 .5 1
5 812 812 812 .81200000000000000000 1 .5 1
5 813 813 813 .81300000000000000000 1 .5 1
5 814 814 814 .81400000000000000000 1 .5 1
5 815 815 815 .81500000000000000000 1 .5 1
5 816 816 816 .81600000000000000000 1 .5 1
5 817 817 817 .81700000000000000000 1 .5 1
5 818 818 818 .81800000000000000000 1 .5 1
5 819 819 819 .81900000000000000000 1 .5 1
5 820 820 820 .82000000000000000000 1 .5 1
5 821 821 821 .82100000000000000000 1 .5 1
5 822 822 822 .82200000000000000000 1 .5 1
5 823 823 823 .82300000000000000000 1 .5 1
5 824 824 824 .82400000000000000000 1 .5 1
5 825 825 825 .82500000000000000000 1 .5 1
5 826 826 826 .82600000000000000000 1 .5 1
5 827 827 827 .82700000000000000000 1 .5 1
5 828 828 828 .82800000000000000000 1 .5 1
5 829 829 829 .82900000000000000000 1 .5 1
5 830 830 830 .83000000000000000000 1 .5 1
5 831 831 831 .83100000000000000000 1 .5 1
5 832 832 832 .83200000000000000000 1 .5 1
5 833 833 833 .83300000000000000000 1 .5 1
5 834 834 834 .83400000000000000000 1 .5 1
5 835 835 835 .83500000000000000000 1 .5 1
5 836 836 836 .83600000000000000000 1 .5 1
5 837 837 837 .83700000000000000000 1 .5 1
5 838 838 838 .83800000000000000000 1 .5 1
5 839 839 839 .83900000000000000000 1 .5 1
5 840 840 840 .84000000000000000000 1 .5 1
5 841 841 841 .84100000000000000000 1 .5 1
5 842 842 842 .84200000000000000000 1 .5 1
5 843 843 843 .84300000000000000000 1 .5 1
5 844 844 844 .84400000000000000000 1 .5 1
5 845 845 845 .84500000000000000000 1 .5 1
5 846 846 846 .84600000000000000000 1 .5 1
5 847 847 847 .84700000000000000000 1 .5 1
5 848 848 848 .84800000000000000000 1 .5 1
5 849 849 849 .84900000000000000000 1 .5 1
5 850 850 850 .85000000000000000000 1 .5 1
5 851 851 851 .85100000000000000000 1 .5 1
5 852 852 852 .85200000000000000000 1 .5 1
5 853 853 853 .85300000000000000000 1 .5 1
5 854 854 854 .85400000000000000000 1 .5 1
5 855 855 855 .85500000000000000000 1 .5 1
5 856 856 856 .85600000000000000000 1 .5 1
5 857 857 857 .85700000000000000000 1 .5 1
5 858 858 858 .85800000000000000000 1 .5 1
5 859 859 859 .85900000000000000000 1 .5 1
5 860 860 860 .86000000000000000000 1 .5 1
5 861 861 861 .86100000000000000000 1 .5 1
5 862 862 862 .86200000000000000000 1 .5 1
5 863 863 863 .86300000000000000000 1 .5 1
5 864 864 864 .86400000000000000000 1 .5 1
5 865 865 865 .86500000000000000000 1 .5 1
5 866 866 866 .86600000000000000000 1 .5 1
5 867 867 867 .86700000000000000000 1 .5 1
5 868 868 868 .86800000000000000000 1 .5 1
5 869 869 869 .86900000000000000000 1 .5 1
5 870 870 870 .87000000000000000000 1 .5 1
5 871 871 871 .87100000000000000000 1 .5 1
5 872 872 872 .87200000000000000000 1 .5 1
5 873 873 873 .87300000000000000000 1 .5 1
5 874 874 874 .87400000000000000000 1 .5 1
5 875 875 875 .87500000000000000000 1 .5 1
5 876 876 876 .87600000000000000000 1 .5 1
5 877 877 877 .87700000000000000000 1 .5 1
5 878 878 878 .87800000000000000000 1 .5 1
5 879 879 879 .87900000000000000000 1 .5 1
5 880 880 880 .88000000000000000000 1 .5 1
5 881 881 881 .88100000000000000000 1 .5 1
5 882 882 882 .88200000000000000000 1 .5 1
5 883 883 883 .88300000000000000000 1 .5 1
5 884 884 884 .88400000000000000000 1 .5 1
5 885 885 885 .88500000000000000000 1 .5 1
5 886 886 886 .88600000000000000000 1 .5 1
5 887 887 887 .88700000000000000000 1 .5 1
5 888 888 888 .88800000000000000000 1 .5 1
5 889 889 889 .88900000000000000000 1 .5 1
5 890 890 890 .89000000000000000000 1 .5 1
5 891 891 891 .89100000000000000000 1 .5 1
5 892 892 892 .89200000000000000000 1 .5 1
5 893 893 893 .89300000000000000000 1 .5 1
5 894 894 894 .89400000000000000000 1 .5 1
5 895 895 895 .89500000000000000000 1 .5 1
5 896 896 896 .89600000000000000000 1 .5 1
5 897 897 897 .89700000000000000000 1 .5 1
5 898 898 898 .89800000000000000000 1 .5 1
5 899 899 899 .89900000000000000000 1 .5 1
5 900 900 900 .90000000000000000000 1 .5 1
5 901 901 901 .90100000000000000000 1 .5 1
5 902 902 902 .90200000000000000000 1 .5 1
5 903 903 903 .90300000000000000000 1 .5 1
5 904 904 904 .90400000000000000000 1 .5 1
5 905 905 905 .90500000000000000000 1 .5 1
5 906 906 906 .90600000000000000000 1 .5 1
5 907 907 907 .90700000000000000000 1 .5 1
5 908 908 908 .90800000000000000000 1 .5 1
5 909 909 909 .90900000000000000000 1 .5 1
5 910 910 910 .91000000000000000000 1 .5 1
5 911 911 911 .91100000000000000000 1 .5 1
5 912 912 912 .91200000000000000000 1 .5 1
5 913 913 913 .91300000000000000000 1 .5 1
5 914 914 914 .91400000000000000000 1 .5 1
5 915 915 915 .91500000000000000000 1 .5 1
5 916 916 916 .91600000000000000000 1 .5 1
5 917 917 917 .91700000000000000000 1 .5 1
5 918 918 918 .91800000000000000000 1 .5 1
5 919 919 919 .91900000000000000000 1 .5 1
5 920 920 920 .92000000000000000000 1 .5 1
5 921 921 921 .92100000000000000000 1 .5 1
5 922 922 922 .92200000000000000000 1 .5 1
5 923 923 923 .92300000000000000000 1 .5 1
5 924 924 924 .92400000000000000000 1 .5 1
5 925 925 925 .92500000000000000000 1 .5 1
5 926 926 926 .92600000000000000000 1 .5 1
5 927 927 927 .92700000000000000000 1 .5 1
5 928 928 928 .92800000000000000000 1 .5 1
5 929 929 929 .92900000000000000000 1 .5 1
5 930 930 930 .93000000000000000000 1 .5 1
5 931 931 931 .93100000000000000000 1 .5 1
5 932 932 932 .93200000000000000000 1 .5 1
5 933 933 933 .93300000000000000000 1 .5 1
5 934 934 934 .93400000000000000000 1 .5 1
5 935 935 935 .93500000000000000000 1 .5 1
5 936 936 936 .93600000000000000000 1 .5 1
5 937 937 937 .93700000000000000000 1 .5 1
5 938 938 938 .93800000000000000000 1 .5 1
5 939 939 939 .93900000000000000000 1 .5 1
5 940 940 940 .94000000000000000000 1 .5 1
5 941 941 941 .94100000000000000000 1 .5 1
5 942 942 942 .94200000000000000000 1 .5 1
5 943 943 943 .94300000000000000000 1 .5 1
5 944 944 944 .94400000000000000000 1 .5 1
5 945 945 945 .94500000000000000000 1 .5 1
5 946 946 946 .94600000000000000000 1 .5 1
5 947 947 947 .94700000000000000000 1 .5 1
5 948 948 948 .94800000000000000000 1 .5 1
5 949 949 949 .94900000000000000000 1 .5 1
5 950 950 950 .95000000000000000000 1 .5 1
5 951 951 951 .95100000000000000000 1 .5 1
5 952 952 952 .95200000000000000000 1 .5 1
5 953 953 953 .95300000000000000000 1 .5 1
5 954 954 954 .95400000000000000000 1 .5 1
5 955 955 955 .95500000000000000000 1 .5 1
5 956 956 956 .95600000000000000000 1 .5 1
5 957 957 957 .95700000000000000000 1 .5 1
5 958 958 958 .95800000000000000000 1 .5 1
5 959 959 959 .95900000000000000000 1 .5 1
5 960 960 960 .96000000000000000000 1 .5 1
5 961 961 961 .96100000000000000000 1 .5 1
5 962 962 962 .96200000000000000000 1 .5 1
5 963 963 963 .96300000000000000000 1 .5 1
5 964 964 964 .96400000000000000000 1 .5 1
5 965 965 965 .96500000000000000000 1 .5 1
5 966 966 966 .96600000000000000000 1 .5 1
5 967 967 967 .96700000000000000000 1 .5 1
5 968 968 968 .96800000000000000000 1 .5 1
5 969 969 969 .96900000000000000000 1 .5 1
5 970 970 970 .97000000000000000000 1 .5 1
5 971 971 971 .97100000000000000000 1 .5 1
5 972 972 972 .97200000000000000000 1 .5 1
5 973 973 973 .97300000000000000000 1 .5 1
5 974 974 974 .97400000000000000000 1 .5 1
5 975 975 975 .97500000000000000000 1 .5 1
5 976 976 976 .97600000000000000000 1 .5 1
5 977 977 977 .97700000000000000000 1 .5 1
5 978 978 978 .97800000000000000000 1 .5 1
5 979 979 979 .97900000000000000000 1 .5 1
5 980 980 980 .98000000000000000000 1 .5 1
5 981 981 981 .98100000000000000000 1 .5 1
5 982 982 982 .98200000000000000000 1 .5 1
5 983 983 983 .98300000000000000000 1 .5 1
5 984 984 984 .98400000000000000000 1 .5 1
5 985 985 985 .98500000000000000000 1 .5 1
5 986 986 986 .98600000000000000000 1 .5 1
5 987 987 987 .98700000000000000000 1 .5 1
5 988 988 988 .98800000000000000000 1 .5 1
5 989 989 989 .98900000000000000000 1 .5 1
5 990 990 990 .99000000000000000000 1 .5 1
5 991 991 991 .99100000000000000000 1 .5 1
5 992 992 992 .99200000000000000000 1 .5 1
5 993 993 993 .99300000000000000000 1 .5 1
5 994 994 994 .99400000000000000000 1 .5 1
5 995 995 995 .99500000000000000000 1 .5 1
5 996 996 996 .99600000000000000000 1 .5 1
5 997 997 997 .99700000000000000000 1 .5 1
5 998 998 998 .99800000000000000000 1 .5 1
5 999 999 999 .99900000000000000000 1 .5 1
