0
0
0
0
0
0
16
5
-20
20
-5
-2
1
15
-9
-31
33
26
-3
5
-23
30
11
-42
38
6
-10
6
1
-59
82
6
-50
83
66
-93
94
2
-14
-7
17
-14
-8
-137
206
-206
215
-193
-167
233
-143
-9
-2
16
-55
59
-15
205
-146
-111
113
2
50
-251
258
-238
11
5
-110
82
71
5
-46
260
17
32
-270
269
-274
153
10
7
16
-69
8
-52
57
109
16
-19
19
-19
12
-95
54
-8
125
-12
-18
15
-115
143
181
-335
43
-12
3
148
-271
57
-13
87
-57
-115
242
-241
211
87
-81
1
-158
219
9
-1
-10
162
-128
1
-189
227
-68
-16
-127
270
-67
-232
238
160
-265
175
-8
150
-226
238
-226
-93
167
13
-11
-1
169
-177
46
5
-146
37
-12
20
-48
-49
28
17
-17
-14
-2
2
-22
20
12
-7
-9
-36
35
19
-32
28
-23
29
-26
21
7
-33
30
-8
-3
18
-17
-7
-40
29
-2
-9
-62
85
-92
23
16
-10
-40
-26
37
26
-52
21
-15
-2
-13
-20
23
-26
20
-3
-6
1
14
-20
31
-11
3
-51
62
-39
6
15
-2
-18
-154
150
150
-156
122
19
-2
4
-18
-65
28
-5
-104
-139
140
-13
-30
38
2
-5
16
-14
-11
9
6
18
-19
-20
20
9
-7
9
-12
16
-18
17
-10
-13
-55
138
-56
-12
-103
170
-167
166
-169
171
-172
111
65
10
-48
101
-7
2
-2
9
-8
35
-51
55
-58
27
17
-13
-7
15
-15
-46
79
-77
-46
84
4
14
-9
-13
-94
164
-61
-150
139
138
-135
-174
174
13
83
-157
38
-18
12
-7
72
-78
73
-70
37
17
-17
1
4
-20
20
1
-20
34
-35
31
-30
20
18
5
-20
34
-31
20
3
17
4
-17
-3
6
-44
118
-93
-62
124
-121
53
-3
-100
89
15
-18
1
-26
37
-25
21
-6
-8
-35
95
-89
89
-81
94
-66
-18
1
-111
86
17
-17
41
-92
59
18
46
-59
-57
57
-5
14
-22
20
4
-5
5
-4
13
-18
13
-15
19
-19
8
-35
20
-19
-10
11
15
-19
15
-32
117
-102
98
4
23
2
-16
18
-29
34
8
-111
111
-100
100
-73
-116
121
17
-23
155
-149
153
-96
-85
131
7
18
-15
-8
-7
19
-18
12
-8
1
-9
10
-11
12
-28
29
-7
8
-2
17
-15
-36
36
-5
8
-6
2
-10
14
-14
10
-2
13
13
-16
-32
24
5
-9
-23
98
-50
-17
13
-12
-154
157
13
-10
-2
12
-12
-16
-10
-10
-10
-10
-10
-10
-10
-52
39
24
-46
-42
75
-19
9
-26
43
47
-31
-43
106
-75
-118
121
-83
-139
139
32
-120
104
-12
2
54
-65
55
15
-29
-55
36
5
-15
-7
-20
20
-18
-6
11
15
-20
20
-11
-33
35
2
18
-19
15
-14
19
-18
9
-9
15
-4
-20
23
-22
20
17
-14
7
7
-20
30
-34
20
-11
7
11
-20
28
34
-38
32
-28
20
3
18
-20
28
-23
-39
39
5
-18
1
-13
19
-19
6
9
17
-21
43
-42
29
25
-39
20
-12
-2
14
-7
4
4
-20
20
-17
-20
20
14
-9
11
-17
15
-3
1
-2
11
-44
69
-70
65
-66
42
-7
10
-14
16
-20
20
16
-14
-20
20
-21
20
-2
2
-3
16
-19
11
-4
13
-17
4
-1
17
-23
46
-45
45
-44
33
17
-1
-19
-20
20
-19
1
-10
9
-6
-20
20
10
-6
-20
20
-3
18
-18
18
-20
29
73
-79
33
7
14
-43
72
-74
16
-8
-8
-8
-10
-188
217
-202
200
-7
-19
-127
255
-250
53
-17
18
-15
-4
121
-111
-113
170
-175
24
21
-155
36
-10
-111
-134
120
133
-138
130
-71
-94
57
-11
82
-95
-116
148
-148
144
4
-16
1
18
-35
122
135
-55
-105
199
6
1
8
-6
-1
5
24
-91
89
-94
99
-99
96
-93
25
-15
41
-54
34
19
-19
5
4
-30
47
-55
55
6
-35
65
-42
-48
46
32
-65
68
-73
34
13
-46
54
-56
29
1
-14
-4
10
-4
9
-17
16
-2
-11
-30
22
-16
13
-20
31
-19
-37
53
-22
-9
-31
91
-94
98
-99
25
14
-47
36
34
-24
-38
40
-45
46
-56
21
-2
-12
-1
3
-5
-20
31
-1
-10
-40
28
-8
8
-8
-76
90
-95
81
11
-28
66
74
-106
104
-110
56
9
-12
-12
-113
137
-139
139
-139
60
-2
17
7
-11
11
-1
-11
7
-20
20
-3
-4
-20
36
-31
35
-38
20
-14
18
-20
37
-22
-32
36
2
15
-9
-3
17
-22
45
-1
-4
-20
20
17
-18
18
-19
11
-7
8
10
-20
20
-13
13
-20
20
16
-9
1
12
-20
20
-2
-7
18
-5
-9
-12
16
-32
61
71
-59
-13
8
-53
22
-13
4
-7
-14
-105
145
-112
-115
103
9
2
53
-80
-110
92
-5
39
-91
45
-6
43
-42
40
-20
17
-23
98
-97
39
12
-29
-42
68
-40
-89
50
-16
50
-63
68
-78
26
-15
27
-23
21
-26
20
20
20
20
20
20
20
-38
-8
6
-40
98
-94
51
-7
57
-58
12
-56
83
-7
13
-9
-125
132
17
103
-119
102
-101
47
95
-99
20
-14
-43
45
-42
41
-44
48
-47
49
-39
-59
58
-9
39
-39
-26
74
-64
49
10
36
-29
-17
-43
79
-78
74
-71
70
-35
-8
7
-11
-79
53
12
-10
10
23
-76
76
-64
7
-54
20
-19
46
-74
27
13
-41
1
-63
84
-81
82
-93
42
77
-79
-50
99
-97
89
15
-21
57
37
-17
-85
31
-19
41
-32
17
-18
-99
87
5
-11
7
15
-14
11
-18
14
-4
-20
22
18
-22
32
5
-23
20
-13
-1
-20
20
-10
-13
9
-1
3
1
-12
16
-55
61
-67
37
28
-45
6
-43
47
48
-77
71
-67
77
-79
79
-76
42
53
-55
41
-45
56
2
2
-25
44
5
9
-22
-33
24
-44
17
-17
16
-16
5
-135
129
13
-51
-127
141
-73
18
-41
186
-2
8
-19
-165
156
15
8
12
-188
192
-196
197
-195
97
-9
-5
109
-120
121
-137
30
-5
-55
-61
137
-81
-2
-88
113
143
-176
179
-179
161
-160
127
-15
137
-65
-18
-111
167
-168
174
-167
3
19
-23
232
-122
-3
-234
264
-272
97
-11
4
19
-19
85
-156
156
-154
152
-154
27
-6
-120
109
105
-112
100
-101
104
-108
115
-108
103
-112
115
12
-14
-11
1
-76
133
3
13
-7
14
-16
8
9
-107
117
42
-115
116
-108
118
-110
100
-5
-106
152
-139
11
-42
55
-2
-15
118
-45
-6
-119
166
-111
-67
197
-196
153
19
-13
-4
2
-16
-108
62
30
-91
-5
-183
164
16
-1
164
-193
180
-185
197
-188
-154
121
170
-191
125
14
10
-153
70
97
-69
-42
146
-48
-126
105
-1
-12
74
4
-28
22
30
-116
102
3
4
-119
136
95
-15
-27
159
-150
142
-140
136
9
19
6
-86
106
16
-106
82
37
-42
-95
87
40
-90
98
-99
98
-91
-71
46
4
-81
34
-15
-73
43
16
-10
-15
16
-7
-20
38
-37
26
18
-19
-50
38
-10
-43
34
20
-21
20
-24
20
-11
-4
14
-3
-13
11
-46
61
-18
-51
93
-74
-53
110
-56
-105
36
-10
-8
-11
15
19
-19
16
-35
87
95
-95
62
-73
77
-52
11
-34
106
-4
-58
139
-139
53
76
-112
35
-8
2
14
-42
-57
37
-18
9
-22
22
-14
-33
37
39
-36
-36
55
50
-30
-9
-51
39
47
-63
63
-52
-13
-88
91
5
11
-16
-1
-5
18
-15
-4
18
-19
8
8
18
-21
70
-8
-5
-72
103
-69
12
-40
151
-146
47
-122
66
1
-5
11
-16
-75
81
1
-1
18
-15
-11
10
-14
8
-29
52
-53
22
35
-39
-31
45
-42
33
14
-27
20
-9
-7
9
-5
-20
26
-27
-38
62
1
17
-1
-14
-3
-20
20
15
3
-20
21
-6
-35
36
31
-29
-29
20
-11
-8
6
-20
20
-14
-15
19
-16
5
17
-20
32
-33
26
-19
-27
47
17
-18
1
-50
108
-15
-12
-124
52
-9
24
-105
84
22
7
7
-29
21
-13
-117
27
88
-92
-70
116
-56
-63
85
-105
22
-11
18
-19
-39
4
-65
88
-83
-75
118
-116
84
16
6
-15
17
-36
20
16
-17
4
12
-20
22
-6
-24
33
33
-26
2
7
-29
88
-93
35
58
-66
52
2
-51
56
-5
-14
10
-10
15
-57
117
13
-14
18
-18
28
-53
50
17
-20
77
8
-13
13
-18
-134
164
-6
-64
187
-194
192
-43
-134
156
149
-198
196
-101
19
-22
182
12
12
-17
71
-10
-137
161
-97
11
12
-17
-163
249
-248
259
-252
-135
266
-118
-211
147
33
-261
262
-262
263
-116
9
-55
317
-181
-1
-153
345
-341
350
-356
131
16
5
-308
169
-3
171
-264
218
-1
229
-237
-137
33
-4
-3
14
-187
195
-196
44
114
-167
14
-6
-128
143
41
-101
-163
145
89
4
-23
237
-226
233
-237
234
-226
222
-38
-3
3
-5
1
5
4
-103
149
61
-351
353
-129
-122
74
-14
-11
276
-4
-8
-55
27
-12
-330
187
317
-317
301
-308
306
1
-61
177
10
10
-18
13
16
-220
209
-1
199
-198
-7
1
-148
258
-258
247
-119
13
-85
237
18
-14
8
31
-183
196
-199
44
4
-13
89
-76
-53
75
127
-134
125
-123
95
15
10
-81
13
-4
-12
14
-140
96
13
-122
-8
2
-230
207
3
15
-16
-11
64
-149
152
-120
17
-160
181
-76
-7
2
4
-5
-14
18
-64
215
10
-5
6
-1
-8
98
-132
-139
38
1
32
-194
187
18
-17
-5
-103
255
-255
171
7
8
16
-186
144
122
-160
17
-124
207
-9
-32
233
-50
-14
-181
266
-264
268
-274
268
-270
71
-12
235
-238
235
-238
236
-171
-65
255
-255
52
23
-84
-135
250
-246
183
3
13
-12
15
3
-151
144
-2
-62
43
-7
-58
-115
55
9
-146
151
-150
147
-154
98
13
-9
66
-71
63
-26
-40
21
-18
-62
49
-13
-1
-1
-1
-1
-1
-1
-1
78
19
-18
-40
34
-16
-4
15
-13
8
-10
8
-49
156
-139
18
-15
11
-28
237
-231
62
132
-215
177
17
-14
108
-117
10
-10
6
-100
125
127
-215
217
-214
111
-4
170
-90
-44
74
37
-132
-1
-188
157
2
13
-168
177
-149
17
-16
5
-124
249
-52
-15
16
-7
-110
324
-58
-8
4
-4
-281
126
103
-299
-352
361
16
74
-366
293
247
-155
-101
119
270
-352
344
-347
72
23
-181
10
-69
375
-363
363
-372
374
-370
371
-369
366
-371
135
245
-230
-173
325
304
-35
-7
15
-61
413
-417
413
-418
70
157
-24
-16
3
-11
13
-286
484
-26
-83
518
-518
510
-185
1
-267
549
-545
445
217
-58
-175
62
-16
2
179
-486
251
189
-470
477
-475
473
-475
214
-10
-5
143
-405
416
-366
-196
87
150
-406
407
-407
404
-410
405
-131
-166
434
-370
4
-328
105
431
-451
-170
30
13
-442
404
13
283
-391
-3
-252
128
132
-54
-66
264
243
-136
-132
152
13
-16
8
326
-307
-355
380
-384
182
-7
179
-350
21
-4
-329
299
16
-11
-9
197
-248
244
-246
254
-255
62
-6
52
-204
172
10
159
-135
-13
18
-60
223
4
-51
161
8
163
-218
218
-195
-143
238
-239
41
48
-152
-208
223
-118
-9
6
-7
11
-70
64
-12
137
-260
261
-220
-7
10
-264
294
12
-15
234
-224
-218
101
175
-259
254
-224
-259
261
-261
258
-7
217
-234
232
-226
114
-14
134
-187
189
-190
187
-185
188
-46
-13
12
3
-173
242
9
235
-239
231
-99
-8
-66
277
-208
5
-1
-252
299
301
-306
3
18
-42
27
-13
8
-333
37
-10
249
-286
282
-292
196
242
-275
269
-275
276
-262
235
40
-73
-121
29
4
-242
241
-246
259
-229
-115
262
-121
285
-281
282
-298
60
7
-12
150
-234
236
-218
-252
261
-79
-9
-295
309
-317
17
-178
239
4
1
51
-204
-263
313
-141
-136
322
-321
292
191
-120
-267
232
-13
202
-295
103
14
-16
98
-228
233
-229
229
-55
-13
-248
262
-262
248
-1
56
-66
-89
43
33
-222
157
12
-200
201
-203
43
-11
-180
180
-190
125
61
-167
173
1
-30
67
33
-40
-109
141
-7
6
4
112
-113
-11
-130
88
5
3
-101
88
-6
45
-45
6
-33
117
-41
-34
133
-124
139
-139
27
-14
-22
-81
130
-126
102
87
-27
-14
15
-17
8
-114
146
-3
55
-160
150
-9
-9
13
-103
79
85
-97
89
-86
70
20
-66
23
3
-12
19
-18
-5
-5
-5
-5
-5
-5
-5
-55
78
-79
48
41
-55
20
-7
-39
-39
32
-1
-31
24
-22
20
-10
-3
9
-3
2
-2
8
-14
6
-8
19
-15
-11
-25
23
7
-11
-20
33
-9
-3
-29
74
-71
29
-2
-1
-4
-20
39
-31
-8
12
-27
26
-4
-6
37
-39
20
-11
15
5
-8
3
-37
34
-7
17
-16
-6
14
-17
-20
20
16
-16
-20
20
4
-38
36
12
-33
-27
32
9
-4
14
-20
33
-36
-26
23
28
-24
21
-8
-10
-38
65
9
-41
110
-107
70
82
-98
95
10
-13
-40
131
-76
-96
154
-145
151
-158
146
-51
16
-16
14
-81
223
15
-33
126
-6
145
-209
59
42
-183
80
139
-170
-168
180
-185
189
-181
181
-191
188
-186
77
29
-168
167
-161
161
-67
13
-76
211
-67
-46
32
-14
74
-181
184
-193
125
24
10
-17
-121
213
-120
3
-227
230
152
-233
237
-237
225
-224
44
-17
6
69
-172
40
-12
82
-127
130
-105
2
-94
92
44
-142
43
-14
35
-28
-3
1
-113
105
61
-157
159
-159
48
9
-101
-123
146
17
-22
174
-149
-137
189
-192
193
-76
-95
157
4
8
18
-144
40
-16
107
-118
24
8
35
-78
-79
80
-41
14
-40
70
89
-108
102
-100
98
16
-15
11
-12
6
-29
54
-42
4
-4
8
-10
16
-17
14
-36
237
-141
-14
2
8
-253
326
-331
328
16
-19
-254
44
-17
-49
17
-16
-94
409
-401
401
-409
193
19
-381
384
-384
240
232
-137
-74
397
-354
-178
101
99
-389
392
-193
-193
283
315
-246
-252
404
-406
411
-383
16
7
-196
245
7
-14
-6
150
-382
385
-393
397
-396
399
-399
98
39
-367
372
-363
327
352
-348
-254
204
193
-40
-295
353
250
-296
-269
371
-372
146
289
-188
-14
13
-13
9
-44
458
-449
261
-3
210
-411
304
8
289
-284
-339
384
-397
397
-225
6
10
-13
-13
-309
490
-490
487
-66
-264
506
-513
296
9
126
-110
-1
-8
-348
527
-520
509
515
-519
508
-502
401
205
-487
107
-8
10
-14
374
-286
-259
422
-149
-67
275
14
3
205
-394
398
-397
393
-394
237
15
-10
156
-333
194
-3
8
-4
-9
161
-222
223
-230
237
-168
-128
243
-254
61
18
-19
136
-55
-69
213
-211
157
144
-189
125
1
17
-11
-9
8
-14
8
8
3
-2
-20
34
-36
22
-20
20
-4
-31
28
-6
-11
-26
21
4
-27
-1
16
-25
54
72
-79
24
-11
5
-8
13
-26
34
-4
-3
-6
-5
7
-17
-17
-17
-17
-17
-17
-17
2
3
-20
20
8
-17
4
-13
13
-6
15
-12
15
-4
-12
7
-30
27
16
-34
-3
-111
122
-63
-56
96
112
-127
136
-134
-108
148
-148
145
-140
136
10
-2
-12
43
-65
38
14
-57
54
-21
-56
63
-74
77
-73
-67
35
38
-66
55
-8
-40
27
7
-33
21
16
-32
57
-59
30
-10
18
-18
11
11
-10
4
-38
131
-133
31
13
-113
115
-96
18
-17
-106
80
14
-63
-126
129
9
-11
3
-6
51
-52
43
-5
-38
24
-11
-48
46
-47
55
-46
-41
26
-14
-40
32
11
-7
-4
-6
-56
63
-78
77
-68
47
49
-53
36
16
-17
-23
27
25
19
-19
18
-17
-44
118
-113
80
37
-96
32
-3
-7
26
-25
14
-4
-29
113
-16
-65
139
-139
132
-52
4
-1
12
-53
125
50
-182
140
124
7
-21
193
-185
198
-163
-37
210
-201
203
-137
6
-187
96
11
-17
5
-6
58
-150
82
19
-19
2
-5
24
-1
-58
54
-15
-2
-29
29
9
7
5
-15
-2
-68
106
10
-18
-125
142
14
-33
167
-169
174
-69
4
-3
-99
133
1
96
-193
199
-199
199
-165
5
-205
239
5
19
-15
-89
-16
7
-98
115
13
-12
135
-223
168
1
11
8
-9
-68
-151
149
-9
1
117
-115
1
-16
16
10
-2
-9
-113
140
170
-231
233
-236
146
8
127
-190
185
-88
-162
219
-219
4
9
-2
-7
-166
317
-268
-117
331
-115
7
-59
77
196
-342
344
-345
189
16
-323
326
-329
245
122
-54
-222
96
-16
204
-277
44
-11
162
-235
229
-164
14
-93
73
54
-63
-109
183
76
-243
183
9
2
106
-43
-48
216
-218
33
-3
-11
-167
35
4
46
-27
-14
-121
111
-11
12
-14
76
-74
-4
6
-69
124
12
-16
5
-97
79
-4
120
-140
141
-140
10
-11
-112
36
27
-198
194
-187
191
-190
199
-190
-65
36
14
-189
194
-191
137
99
-75
1
13
-8
-58
255
-250
257
-178
-13
-181
75
-11
11
-7
88
-211
184
137
-35
12
-18
-216
119
8
-15
129
-187
184
-181
127
-160
160
-161
161
-161
163
-165
147
105
-154
59
32
-121
84
-9
4
32
-36
-60
83
-86
86
-88
89
-12
-9
-61
59
24
-94
97
-87
72
61
-71
49
44
-56
58
-58
51
-45
49
-52
20
-12
-17
-39
39
13
7
-17
7
-12
18
-2
-4
12
-8
13
-13
-40
25
-14
3
-13
16
-18
13
-14
5
-12
18
-19
-19
-19
-19
-19
-19
-19
-20
22
-22
20
10
-16
13
-16
17
-39
39
4
-4
17
-20
31
-21
28
8
-20
52
-12
4
-75
76
72
-79
78
-76
66
-17
-53
32
-60
57
7
20
19
24
-3
16
-17
2
4
-2
-27
56
-52
29
-1
-9
7
-7
11
-25
23
-15
-20
22
-26
29
6
-30
36
-30
28
-29
20
-4
-9
11
15
-20
39
-38
20
3
-11
3
13
-20
20
13
-15
7
-10
5
-11
8
11
14
-16
-59
59
-5
-47
59
-57
-28
48
-2
4
-3
-20
25
-14
-27
57
-13
-44
47
25
-35
-5
3
3
-117
121
-95
6
-47
177
-168
16
-11
-112
63
100
-141
-5
-165
134
-13
188
-212
145
10
14
6
-17
-54
10
-5
13
-49
209
-208
218
-199
-147
159
63
-51
-3
-1
-222
179
133
-148
-10
9
14
-8
-237
344
-354
219
134
-325
328
-326
329
-331
327
-23
-136
343
-103
-344
346
18
-6
-325
323
-94
-273
159
-8
246
-318
319
-300
300
-278
18
-72
350
-63
-14
-146
396
-329
-247
135
200
-372
229
-2
329
-310
-7
-166
245
356
-343
6
-365
364
30
-363
29
-3
-348
348
-357
357
-352
290
13
-1
156
-87
1
-14
1
3
-7
-361
238
-6
343
-379
93
-4
166
-26
-45
357
-259
-148
223
90
-343
356
-221
-315
360
-370
204
342
-334
-312
228
112
-352
163
7
-14
272
-294
202
207
-275
29
180
-259
254
-200
18
-18
-76
26
-11
-11
-3
8
-6
38
-181
165
165
-110
-74
102
68
-163
44
-6
-147
146
-152
41
60
-14
-17
-144
154
10
86
-21
-15
-123
131
85
-140
135
97
-124
120
-85
-111
43
-3
-4
-1
12
-16
17
-17
4
-33
55
-6
-22
27
-4
-10
-26
20
-4
-15
-20
31
-27
20
-4
16
-19
-48
24
-9
6
-15
-5
6
-9
17
-12
2
12
-5
15
-22
70
-21
-1
6
-1
6
-151
158
-4
12
-5
56
13
-16
-45
104
-104
88
84
-86
84
17
-15
-33
85
45
-92
39
10
13
-18
10
-15
12
-12
7
-5
8
-3
13
-14
1
-3
5
-3
4
-11
17
-15
14
-4
-20
20
13
-17
10
-16
18
-15
4
3
-11
-20
20
10
-16
-20
35
-34
38
-37
-39
39
9
-27
20
-10
-5
11
-7
6
-5
-20
20
7
-16
15
-16
11
18
-20
20
-18
-11
11
-1
15
17
-19
-11
18
-18
-7
-83
35
-3
-104
106
-113
57
-7
-5
12
-10
-18
-18
-18
-18
-18
-18
-18
32
-31
-35
66
-60
60
-76
28
-13
16
-14
-34
49
-30
12
12
-15
-119
120
-137
45
12
-5
3
-50
20
-18
14
-16
12
-8
19
-19
14
-29
70
-32
14
-54
102
-32
-94
122
-129
137
-67
-9
-81
31
-12
79
-62
-111
113
-6
101
-118
111
-37
-41
54
107
-116
36
-17
-3
17
-13
-23
20
3
1
-20
25
-6
-31
29
8
-30
38
-36
22
-22
20
-1
-3
-3
-33
23
4
-12
-12
-54
31
8
-45
-29
30
22
4
-26
68
-74
79
-75
7
-6
-42
127
-122
99
13
37
-24
-23
118
-116
110
-76
-114
87
-12
77
-95
50
4
4
18
-27
-6
-57
54
47
-51
14
11
10
-23
128
-107
-97
91
34
-121
98
15
-17
16
-24
113
-78
17
-119
140
-152
149
-83
-147
121
17
-142
145
-37
-128
161
-175
66
-1
98
-128
123
-127
138
-111
-43
51
33
-120
112
-1
-109
60
-6
39
-66
52
15
13
-12
-2
9
-13
6
-34
24
8
-41
39
2
18
-16
-20
23
-14
-42
43
-55
24
-3
10
-8
6
-1
12
-7
-49
69
-60
-49
40
15
-11
-4
-30
20
-11
-5
15
-5
-32
73
-72
30
-9
6
-2
-50
89
8
-50
69
73
-82
14
-53
106
-14
99
-99
99
-84
-65
106
-57
-108
121
-129
51
13
-17
6
-11
9
1
3
-15
18
-17
5
-4
-69
20
-18
-36
-24
50
-6
62
-94
34
-6
59
-56
-32
64
17
-25
89
-32
-60
129
-130
82
-14
73
-85
29
-2
-68
66
-12
6
-50
108
-110
25
-13
-7
1
-41
54
45
11
-21
78
-73
51
8
1
2
14
-20
20
-5
-7
7
-20
30
-24
20
-1
-3
1
11
-20
20
17
-13
1
7
-18
12
-60
118
-118
112
-47
-12
-69
151
-85
19
-19
-161
83
6
-83
19
-19
-125
113
13
39
-211
215
-209
150
196
-199
189
-53
-94
161
139
-183
167
-5
90
-145
159
-159
75
-11
13
89
-92
2
-10
13
-71
113
-6
11
23
-152
155
-141
131
59
-133
30
30
-91
-76
35
114
-119
118
-45
-23
48
61
15
-19
-131
102
1
-25
7
15
-26
198
-180
180
-192
76
52
-162
136
29
-5
-61
168
-100
15
-42
29
-12
-12
127
-157
23
-18
67
-105
118
-119
27
35
-85
81
-86
33
-2
-62
56
2
1
15
-15
13
-10
-20
20
15
-24
24
-3
-36
31
-30
10
-51
43
-14
7
14
-18
13
-8
2
-3
5
-13
-13
-13
-13
-13
-13
-13
-34
-77
82
-40
-14
-109
113
88
-77
-68
66
16
-6
-80
83
-15
-23
116
-112
46
9
17
-64
18
-30
106
-35
133
-9
-6
-16
-169
167
161
-142
-169
168
118
-167
135
141
-135
-51
174
-46
-107
187
-39
-62
210
-123
11
-181
241
-31
-51
23
-17
181
-235
233
-203
-132
133
236
-236
-181
251
-247
198
183
-237
236
-90
-7
-5
18
-34
69
1
-72
-245
311
-316
313
-170
10
-248
345
-354
190
-4
176
-307
99
-14
167
-109
-13
11
-12
-324
349
-178
-42
377
-244
-344
353
238
-363
362
-12
-17
2
10
-82
298
11
128
-198
-350
442
-91
-7
-270
489
-492
298
16
-16
17
-8
-4
24
-365
262
19
-12
1
9
-116
-292
300
-304
314
-317
131
290
-299
295
-76
-47
308
-300
301
-315
51
-12
206
-270
271
-231
-275
280
-283
51
18
-33
2
-45
141
276
-299
297
-296
284
-280
257
167
-268
275
-268
266
-149
-3
-153
304
-304
305
-110
-147
327
-146
-330
312
16
-10
17
-285
176
-5
14
55
14
-19
-200
227
5
13
1
64
-194
193
-194
94
88
-165
170
-127
-167
115
-7
1
11
22
-112
89
60
-38
-64
116
-109
1
-121
142
-142
151
-157
24
-15
102
-115
112
-115
90
38
-40
19
-23
74
17
-13
-68
55
52
-46
32
-9
-4
17
-20
20
-16
9
-20
31
-23
21
10
-11
4
11
-31
119
-105
-67
86
9
-5
-66
70
-77
78
-66
65
-64
62
-65
31
-13
16
-18
8
12
-24
25
-12
19
-18
2
-2
2
-82
126
-30
-1
-71
124
18
-17
18
-104
106
-105
105
-36
-44
35
-5
-107
22
-13
-96
33
12
-12
15
-2
1
-2
-9
10
-13
-92
82
57
-43
-58
80
12
12
-32
-78
79
47
-41
15
-2
-10
19
-19
-71
117
-5
14
-15
8
1
-9
15
-15
-50
39
-9
-23
20
6
-9
12
-1
-20
38
-38
22
-35
36
-31
20
12
-13
11
-12
8
-8
9
-3
5
-17
14
-11
-20
26
-23
-36
25
7
-10
-6
3
11
-17
12
5
-8
-35
30
66
-96
93
-89
83
-81
82
-11
-94
107
7
48
-91
88
-89
45
9
-12
-16
8
-38
115
-114
44
50
-91
96
-89
99
-99
66
-1
13
-12
-1
8
-2
-2
-12
-78
80
-80
82
-35
-39
22
-17
48
-72
34
11
-15
-26
35
13
-21
29
14
-18
-7
15
-16
9
-3
-20
20
10
-12
11
-11
-20
20
-14
-3
6
-6
-6
-6
-6
-6
-6
-6
37
26
-3
-25
47
-45
47
-50
21
-11
-2
-5
4
-11
10
19
-20
20
5
17
-19
19
-9
-28
58
15
59
-59
36
9
5
11
-20
20
-14
2
-4
-35
28
17
-19
5
-20
20
9
6
-20
20
-10
-1
2
-1
8
-16
3
8
-57
61
-9
-29
22
-10
7
-14
-33
26
2
-30
57
-49
41
5
-45
48
-9
38
-19
-11
-15
-64
25
-19
50
-16
-40
62
-33
-64
48
12
-15
2
11
-17
11
-6
12
-14
-20
20
3
-3
7
-12
15
-12
6
-11
-59
61
-76
79
-70
-50
64
5
-11
25
-13
-3
-58
65
-77
75
-71
42
14
-41
-52
32
-2
-7
2
10
-12
-24
54
-46
32
-14
18
-18
15
6
-21
79
-79
30
-7
-9
16
-15
9
19
-20
65
-2
8
97
-96
-9
7
-125
146
-158
155
-70
-85
109
147
-159
33
15
11
-5
-42
98
57
-130
18
-11
6
-13
-1
-134
27
3
-162
-194
216
222
-197
-167
181
-9
9
90
-203
212
-77
-110
31
-18
-206
127
-1
10
2
6
-14
-50
151
-67
-12
13
-128
205
-115
8
-2
-83
182
7
121
-228
236
-234
226
-220
220
-228
123
126
-136
14
-17
-9
-214
286
-284
288
-291
101
5
140
-243
227
122
5
-82
241
-246
85
-5
130
-213
21
-19
-8
8
-4
-2
7
64
-73
-55
94
-84
64
10
-4
16
-21
40
6
8
-55
101
-30
12
-123
140
-140
128
-3
-6
10
10
10
-16
-11
1
-3
4
-14
13
-11
17
-14
10
-4
-20
20
-17
2
-10
-2
-69
57
14
-69
78
-77
32
-15
17
-28
20
-10
-10
1
16
2
-25
30
-10
-25
38
-25
-24
53
-37
11
-26
99
-85
-14
-3
19
-23
174
-162
149
78
-143
148
-86
-32
173
-10
-46
108
166
-179
169
-171
177
-76
-148
182
-43
-16
-1
12
-95
279
-109
-23
45
-11
18
22
-79
-40
187
168
-235
237
-237
237
-228
230
-221
223
-210
-124
256
-249
39
-17
-226
226
-222
225
-234
237
-234
155
13
7
-17
4
5
46
-116
118
-91
-113
121
-132
139
-136
10
10
-56
127
15
26
-12
-98
161
-171
176
-174
84
-7
17
-5
-9
-3
8
-6
10
7
13
-21
43
16
-67
70
-74
68
-52
65
18
41
-59
40
-40
46
-53
28
13
-21
-28
23
-4
14
-25
28
-5
-24
20
11
-18
16
-5
8
-15
5
13
-20
20
15
-13
-20
20
-2
1
-13
12
-2
18
-19
8
7
-20
31
-37
20
20
20
20
20
20
20
11
-5
-20
29
-21
24
-16
14
-12
-73
82
-78
13
-28
20
-12
-68
-63
139
-139
68
10
41
-5
-28
26
10
2
-22
54
12
55
-59
25
30
-39
38
-34
19
-18
-46
89
-80
78
51
-18
-59
89
-55
-35
44
56
-13
-35
109
-116
26
26
-89
71
-3
42
-56
59
-56
-51
32
-7
-3
14
3
-16
8
-12
-71
58
22
-69
64
-61
63
-60
35
2
-39
-25
30
-12
9
-5
12
-17
-49
36
11
19
-19
15
-7
-24
54
-54
22
-12
-6
14
-20
29
-25
20
4
-1
9
-20
21
-25
12
-40
78
-74
65
-23
-13
-80
28
-18
-11
52
-41
37
7
-31
20
-11
-3
4
-8
4
6
-20
20
-5
-11
19
-4
-11
-33
111
-37
-5
11
-5
-94
193
-41
-49
86
128
-173
2
-135
53
4
-210
218
-150
-216
218
-1
183
-180
-7
9
-14
15
-3
-164
167
91
-288
289
-286
299
-253
-30
315
18
-21
338
-306
-9
-358
347
195
-353
223
3
241
-319
71
-13
229
-266
261
-64
-159
189
237
-226
-199
120
47
-137
5
-160
136
164
-290
158
193
-276
176
15
174
-236
229
-230
226
-170
10
-161
279
-279
271
-277
149
208
-249
106
-14
175
-112
-132
103
-1
-4
172
-178
161
-10
-122
49
-8
42
-4
-18
1
-180
208
-212
205
-137
-216
222
-238
28
-8
77
-50
-2
-16
2
12
-135
181
226
-249
-242
283
-26
5
-37
338
-337
32
74
-278
-166
236
10
2
-14
6
201
-226
171
119
-217
217
-141
4
-100
160
-3
4
-10
152
-32
-14
-119
213
-209
90
37
-142
-192
204
-142
15
-191
223
-7
53
9
-88
118
12
-213
212
-202
145
169
-197
145
18
15
-153
142
-29
-110
30
-12
-4
-5
-7
17
-15
13
-7
-11
10
-16
10
-3
3
-20
31
-8
-9
17
-25
98
-95
8
-116
118
79
-110
20
-19
12
-75
25
-4
-46
33
21
-10
-34
53
-51
-37
79
-71
62
-69
-73
51
-5
3
12
-9
-6
-20
20
8
-8
9
-4
1
-8
6
13
1
-31
43
-26
15
-17
-80
64
94
-99
26
14
-3
-56
47
-8
-1
-48
54
7
16
-41
-45
20
-18
-47
49
-50
51
-57
21
-15
-4
14
-24
29
-2
-21
20
-11
-18
-20
20
-13
7
3
-29
56
-53
24
-12
-3
-9
12
-5
-20
20
-10
-8
16
-16
6
-2
2
18
-18
17
-13
-30
28
-11
15
-14
15
-13
2
10
-20
20
18
-19
13
-11
-11
-11
-11
-11
-11
-11
39
2
5
-9
5
14
-15
3
-95
100
-93
-103
64
-4
46
3
-34
82
-5
-4
-119
119
17
-14
-38
-55
110
16
-22
129
-131
133
-65
-101
145
-153
158
-158
52
8
7
-7
41
-71
71
14
-24
86
-83
78
36
-61
65
-72
52
16
11
-2
-24
53
-53
15
-58
92
-96
99
-75
-10
-90
123
-37
8
-69
208
-209
214
-205
202
-210
87
-9
10
-5
1
117
-119
57
5
58
-73
44
8
7
-18
2
-2
9
-18
10
-2
2
13
-20
20
9
-18
8
-6
5
18
-20
20
19
-20
28
-25
23
-25
20
-8
3
-20
21
15
-11
-11
-1
-70
110
-108
57
8
-3
-2
9
-89
100
-99
-77
72
9
7
-82
64
6
28
-48
10
-12
2
16
-45
73
27
-121
107
12
-13
4
11
-41
-48
76
-70
-75
84
-15
-5
4
-60
81
7
-121
78
-110
65
7
15
-63
57
51
-43
-57
90
-81
86
-56
-16
19
-23
143
-4
-68
72
-11
11
10
-7
43
-54
14
-40
89
-91
89
-52
-65
38
13
-97
93
-27
-102
128
-125
122
-29
-104
146
-121
-108
105
18
-6
-129
46
-13
13
10
-11
-27
2
17
-16
12
-16
8
-136
152
179
-179
78
2
117
-138
133
-124
57
18
-106
105
-110
30
-8
-93
44
52
4
-16
9
7
-8
-86
127
16
-2
-9
8
-18
5
3
-44
28
9
-50
-37
157
-140
140
-149
41
4
-86
-103
150
-53
-8
-9
-182
216
-194
-138
145
39
-208
210
-203
219
-219
208
-213
216
-218
212
-120
-217
210
-12
113
-8
-168
202
-216
215
-216
219
-216
204
3
-28
21
3
-53
-36
160
10
16
-12
-160
160
-105
-163
137
3
-10
117
-134
80
15
-18
41
-41
-74
81
-86
25
-3
-29
-40
32
25
-67
12
-77
89
50
-63
14
-10
-92
60
80
-129
3
14
-5
-170
142
130
-139
-130
158
5
-8
78
-63
-19
-54
110
5
85
-90
-46
92
120
-130
-116
66
1
147
-159
159
-158
150
-50
-51
98
62
18
-18
-50
46
122
-44
-39
152
130
-117
4
4
-8
8
3
-49
289
-286
294
-6
-17
-306
327
-337
321
-321
274
-4
146
-292
291
-73
-170
103
-18
244
-271
267
-73
7
-251
234
-2
19
-19
174
-221
200
28
-201
163
-8
6
145
-138
-83
92
1
4
17
-18
-88
87
-10
-81
103
-113
117
-101
-4
-87
44
15
-14
-17
8
2
-7
-2
-9
7
12
-20
20
20
20
20
20
20
20
33
3
-3
-2
3
-2
-20
20
5
-10
-4
8
10
-1
-42
29
24
-74
12
-15
-3
-131
61
4
-147
146
3
-36
28
106
-158
145
-14
-44
99
142
-155
147
-71
17
-69
182
-192
192
-189
113
18
79
-159
43
51
-4
-66
112
7
7
-17
1
3
6
-11
-31
47
-51
54
-18
-31
70
-14
-15
-93
83
42
9
-47
104
-106
8
-80
155
-150
62
10
-120
124
-132
90
10
-16
19
-18
-40
40
-41
33
-1
9
-18
19
-18
16
-37
35
-8
-11
-9
12
-10
17
-17
14
-12
5
-15
16
4
4
-9
7
-48
83
-4
-85
104
-43
-11
2
3
-134
41
-15
-12
136
-55
-66
167
-169
179
-176
-106
196
-180
176
95
-176
35
48
-157
77
8
104
-28
-73
120
-125
74
19
-17
-88
97
-85
-54
117
-115
49
13
-92
49
-4
14
-2
11
-13
-20
31
6
-23
24
7
-1
-8
-20
20
19
-20
23
7
-4
-9
-64
95
-93
64
14
-12
-49
25
11
-16
9
-1
1
15
-12
-29
23
3
-14
-6
3
-5
14
-15
10
-1
-20
20
-3
-11
-20
20
8
-8
7
-2
-9
15
-22
22
-10
4
11
-17
9
-13
-93
117
-98
-9
16
-17
-198
194
105
-116
-36
199
-151
-84
205
-200
165
166
-197
198
-124
-38
86
146
2
-22
216
-192
4
15
-4
-18
-285
237
146
-281
265
12
171
-224
9
-14
-221
109
268
-295
282
-198
14
-79
338
-273
-191
365
-365
212
273
-356
110
4
7
-14
-1
-7
210
-94
-106
247
-126
-228
260
-268
57
158
-132
-131
263
-266
270
-114
-231
285
-120
-80
315
-44
-28
126
278
-313
281
12
152
12
-54
190
34
-272
131
-6
196
-147
19
-10
-34
134
104
-264
262
-268
271
-263
234
1
10
-4
-3
6
18
-16
-9
41
-46
-36
30
5
-5
-11
-5
-52
25
27
-81
78
-9
1
-32
24
-13
17
-10
-21
7
-37
69
-75
76
8
-20
99
-99
86
-32
-8
-92
73
19
-108
108
-13
-38
139
-54
-26
155
-143
145
-50
-47
92
114
-158
159
-150
-33
63
10
76
-135
127
10
-29
100
51
-1
-72
143
-152
33
16
3
-33
150
-113
-151
88
-16
20
17
-33
88
45
11
-15
-45
44
-10
-6
8
57
-65
60
-64
78
-77
73
-49
-35
84
-81
23
-16
-64
50
23
-45
38
19
-19
16
-20
20
-2
-7
8
-23
57
-30
13
-24
48
-2
-6
7
-8
-20
21
-25
20
20
20
20
20
20
20
30
28
-20
-23
32
28
-16
-4
-58
37
-9
-6
3
4
-3
-24
34
14
-2
-15
15
11
-17
-68
90
-97
98
-95
91
-18
-51
110
-71
5
-13
14
-18
-148
105
10
52
-168
176
-156
-179
180
-182
54
-15
-10
12
16
-109
117
-79
17
-39
115
-10
83
18
-21
57
4
-5
-4
-10
-100
131
-133
46
43
-75
-62
131
6
-11
-142
160
-160
159
124
-116
17
-18
-145
216
-122
19
-20
250
-244
250
-252
251
-211
13
-117
295
-225
-108
319
-317
125
17
-55
11
-6
-94
350
-350
215
290
-336
102
82
-265
19
-26
353
-352
163
157
-176
-279
319
289
-231
18
-201
313
94
-351
219
19
-18
-152
-258
170
-8
214
-240
18
-246
278
-17
215
-179
-270
227
-13
-7
17
-11
13
22
-187
90
7
18
-55
-91
68
-13
91
-133
130
-22
1
-102
99
56
-147
80
44
-60
-26
20
-13
-132
127
-127
139
-139
73
67
-40
-28
79
7
18
-17
8
14
-17
1
-11
-38
44
-42
6
14
-57
38
-15
3
-5
30
-35
10
-56
46
-16
18
-4
-13
-64
81
13
22
-22
99
-99
90
-89
24
-16
1
15
-11
6
-45
50
-5
6
13
-13
-15
17
-15
18
-20
22
20
-28
29
-11
-28
29
-2
19
-13
-20
20
-3
-4
19
-15
-5
3
1
-15
6
-4
4
9
-11
1
-54
62
-74
71
-4
19
-24
102
-109
54
69
-86
70
29
-64
39
-33
2
11
-83
102
-2
-43
45
-12
9
-10
-13
-178
182
-184
180
-186
190
-191
188
-184
154
120
-96
-142
189
-103
-9
-7
12
-135
219
19
-12
5
43
-92
-62
233
-141
3
15
-42
203
19
6
-249
-174
266
-268
276
-276
270
16
-25
283
-3
-155
301
-306
316
-255
-6
14
9
-61
109
330
-374
374
-379
77
11
-18
295
7
-19
-199
135
248
-332
-314
96
-16
1
-1
150
-53
-159
172
1
-14
14
76
-217
50
-4
144
-120
-60
119
137
-49
-9
-147
119
-4
16
-18
136
-119
-60
112
11
29
-72
7
-1
-68
177
18
-19
-124
128
-13
14
-7
-30
-60
176
-69
-27
197
-183
55
-13
9
-142
123
16
1
5
-84
78
12
-2
36
-21
20
-24
27
-35
37
-16
-28
44
-40
38
2
-34
-34
52
-49
37
39
-32
20
-18
-12
19
-19
-20
20
3
-5
7
-8
2
10
-20
20
2
18
-19
-39
42
-42
40
-12
1
-37
98
-99
35
-10
-2
10
-10
-8
16
-17
5
-1
-1
-1
-1
-1
-1
-1
4
5
12
10
-56
60
-74
20
-18
-41
41
-50
55
-50
24
-12
12
-27
35
18
-36
34
-25
20
-3
-3
5
13
-20
33
-26
20
12
-16
8
15
-17
-34
43
9
-39
43
14
-40
24
-17
-17
15
-16
-20
28
-24
20
-15
3
-6
9
-16
14
-14
19
-7
1
-14
19
-17
10
-14
2
-6
13
2
-12
-63
94
6
-22
109
-49
-82
77
38
-45
-117
37
-17
16
-31
145
-15
-54
90
99
-53
-137
164
-119
3
-47
134
177
-193
41
19
-164
174
-178
171
-176
171
-174
178
-162
160
-167
116
114
-27
-61
52
51
-171
105
148
-157
81
41
-133
48
1
-7
16
-10
-3
16
-16
-116
59
24
-131
9
17
-34
105
60
-118
-127
95
14
-12
37
14
-18
-123
128
153
-159
67
-3
100
-117
28
-7
-84
57
-2
40
-33
7
-10
2
-13
15
-72
173
-173
48
-15
110
-137
34
-3
8
12
7
-58
51
-5
16
-15
-73
119
-119
-5
-122
143
-87
14
4
-5
-2
15
-15
-252
227
1
9
-17
183
-209
219
-219
5
-230
228
218
-186
-12
-208
135
75
-240
250
-253
223
182
-226
205
5
131
-194
187
-75
-163
176
130
-37
-5
-9
-216
244
-43
3
-86
235
227
-297
68
-3
97
-78
-9
-271
263
220
-273
277
-246
-99
289
-292
84
-7
123
-234
144
14
3
-11
72
-42
9
-33
58
103
-69
-1
-15
-184
235
-223
222
-221
222
-203
-65
257
-254
64
3
-7
-5
7
13
-54
-4
8
-8
11
-233
218
169
-239
237
-237
238
-208
-57
255
-245
246
-245
101
-8
90
10
-32
182
13
16
-50
-163
202
-205
98
69
-187
87
-16
12
19
-19
95
-98
43
8
-15
3
-57
68
-42
-37
93
-96
41
53
-70
65
-67
77
-73
9
-78
96
76
-52
7
-98
50
-17
-109
118
-89
-48
139
-84
-22
54
-3
67
-68
7
-11
-158
77
-18
-93
12
-118
188
-186
147
-4
112
-46
-28
29
-10
52
-121
115
12
16
6
-24
61
63
-60
-78
103
12
-26
133
-38
-37
158
-148
106
18
-14
-109
102
-104
62
11
-13
47
-56
31
5
4
11
-20
21
-32
20
4
-8
2
10
-20
20
-10
-6
13
-17
1
17
-45
114
-113
91
10
4
-11
36
-34
-9
-55
70
-68
68
-76
38
4
9
-41
49
4
-5
10
-18
15
-10
6
-6
3
10
-20
20
-15
19
-17
-20
20
1
-14
5
6
8
-21
23
-17
-17
-17
-17
-17
-17
-17
-43
70
-73
20
-19
-44
45
-14
-3
18
-22
75
19
-3
-51
36
13
-30
20
-10
-4
-20
20
-10
5
11
-24
28
58
-56
45
-51
57
-58
44
-24
8
-65
27
-18
56
-55
-39
25
3
-50
48
-48
46
-40
47
-53
-54
57
46
-46
-1
-2
-63
108
-103
101
-102
89
85
-97
99
-71
-12
8
-43
159
-152
-98
100
114
-109
16
-103
181
-192
91
3
124
-32
-144
156
130
-149
115
8
-33
-66
159
-131
-32
179
-166
-8
2
-144
68
-11
48
-55
-1
-191
225
-144
-10
14
-210
238
7
-9
153
-183
-97
38
26
-18
-55
88
9
-7
30
-94
-143
67
2
-11
35
-129
82
102
2
-17
13
-3
-9
-11
-112
237
-227
-234
243
-182
-226
210
-6
18
193
-219
205
-76
-107
48
-15
12
-1
96
-150
159
-159
142
-140
136
78
-1
-29
87
62
-126
138
-137
20
9
-119
17
-61
147
-91
-121
53
8
-29
-51
58
-3
-141
141
-143
40
-10
95
-90
-48
30
-1
-5
-8
-10
-82
192
-188
191
-159
18
-130
74
-18
93
-166
11
10
-56
251
-247
80
-13
115
-210
73
21
-187
192
-62
18
-23
23
-15
17
-21
145
184
-211
214
-157
-77
155
186
-215
218
-180
-125
36
-6
-208
120
109
-189
183
-78
11
-81
238
-238
159
14
-7
53
-88
-96
189
-183
152
16
-16
18
-15
54
-46
4
-64
79
79
-46
-62
101
-109
35
30
-94
84
-22
-66
109
-100
97
-2
17
-14
-30
-38
34
30
-34
35
-36
20
-7
-1
15
-27
51
2
-32
58
55
-53
31
-4
-22
25
-31
20
-14
-11
7
8
-9
-32
59
-59
26
17
-18
1
-2
-35
46
-54
27
-1
-10
-20
20
10
-20
29
-16
-55
39
30
-9
-28
78
-77
-55
52
4
8
-9
3
-3
-20
20
-1
-4
5
-12
3
6
1
-37
42
-1
-12
-61
89
-93
27
45
-75
79
-79
-76
89
-87
75
1
21
7
-42
54
12
11
-17
-14
16
-6
10
-1
2
18
-18
-26
46
12
-17
6
11
-62
124
-120
122
-135
134
-57
-64
146
-54
17
-60
188
-168
1
-196
171
-7
198
-197
-1
-110
117
16
3
-215
94
15
13
-46
-6
-160
161
75
-194
197
-187
186
-197
22
64
-178
47
-13
93
-131
-115
26
-10
-126
22
-19
3
1
-6
-3
-3
-4
-20
31
-35
36
-30
36
-26
-11
-51
67
-17
-33
33
7
-68
64
-54
-69
84
-85
54
9
-17
17
17
17
17
17
17
17
-20
20
-18
4
9
-5
-58
61
-65
48
-1
-7
19
-19
9
13
-20
33
-21
21
-25
-32
34
27
-19
-35
32
19
-30
26
-35
38
-20
-35
43
-34
11
-25
25
33
-68
29
-16
-2
1
16
-20
20
2
-16
-35
20
-19
-29
20
-9
-15
13
-13
6
-12
16
-6
14
-6
-45
50
9
-46
46
-11
12
-18
-78
119
-111
-80
30
-19
17
-7
-67
69
-7
13
-32
111
-107
12
17
-19
12
1
-6
-107
247
-61
10
-105
288
-294
121
166
-207
19
-19
-2
6
-2
11
-293
400
-56
-211
119
227
-413
338
363
-354
-262
417
-372
-333
312
19
-19
11
347
-359
55
-16
19
-19
5
6
-11
101
-36
-18
16
4
-8
-96
170
257
-199
-73
294
-47
-121
307
-155
-2
-8
6
-93
152
10
17
40
-313
178
34
-283
293
-52
-15
-219
232
188
-314
318
-304
-193
333
-328
324
-35
-4
-167
398
-394
358
8
16
42
-222
16
-63
373
2
-19
13
-416
415
132
-416
410
-402
406
-53
-62
435
-336
10
-74
475
-467
132
133
-449
453
-458
182
6
-12
14
278
-295
-58
375
-366
376
-364
4
2
19
-49
444
-115
-99
201
8
-6
-6
291
-148
-107
109
210
-382
362
189
-44
-17
4
-171
436
-287
-172
453
-441
444
-339
-5
-425
504
-274
-353
168
230
-482
-395
549
-556
556
-254
-233
364
121
-541
84
12
-521
364
111
-126
2
-138
248
-4
7
139
-133
-307
188
-18
410
-493
160
10
-7
298
-421
420
-424
423
-182
-314
44
-18
271
-219
-205
438
-438
431
-425
425
-433
38
25
-50
-54
148
333
-349
7
12
-84
478
-307
-288
426
113
-464
391
17
-18
383
-58
-15
-243
309
7
344
-416
318
12
-10
100
-345
349
-231
-203
368
-107
6
-255
312
13
-17
13
105
-320
322
-331
227
229
-38
-17
-2
-212
29
-17
-7
3
-5
220
-271
91
3
-242
241
-240
224
171
-48
-7
-10
-9
-250
314
-175
-170
345
-349
357
-345
340
-346
105
-6
-11
199
-293
287
19
-20
312
-302
234
-11
-4
133
-246
147
92
-222
213
11
4
-2
120
-154
156
-154
62
-10
12
58
-97
30
-10
-45
54
-44
40
-50
26
20
-36
20
10
-7
-8
-35
35
14
-15
14
-9
13
-4
-57
112
-118
115
-74
-49
136
-129
129
-130
108
17
-18
39
-11
-77
78
41
-2
-51
81
-83
37
-7
-64
53
-4
18
-18
19
-20
20
-5
8
-20
20
-9
-4
-4
-4
-4
-4
-4
-4
-32
-25
32
16
-9
-1
-20
20
-17
-4
6
-15
19
-14
12
-11
-53
55
11
3
12
-8
-24
29
-10
30
-31
-39
39
33
-38
20
4
-16
14
-8
-20
20
1
-3
-20
36
-30
-23
34
32
-30
18
-51
61
-53
-65
88
-92
96
-84
80
-86
29
-11
-61
53
17
-16
18
-10
-21
73
-34
-60
38
-14
15
11
-16
-20
20
1
-13
19
-13
4
-15
5
-7
8
-13
15
-9
-170
183
-192
185
3
-17
3
-180
252
-101
-117
277
-218
7
-135
307
-307
306
-314
306
-85
-139
204
4
86
-53
-210
219
3
17
-19
142
2
-44
91
-17
12
49
-167
69
2
-14
10
23
-91
52
77
-63
-74
74
-3
-6
-9
4
-80
153
-147
121
124
-136
135
-110
-114
148
-54
-18
-157
97
15
-12
37
5
-13
-47
178
6
-19
15
-43
230
-223
227
-105
-55
30
-14
200
-206
198
170
-189
184
-193
111
13
44
-57
-104
167
-1
-2
-79
203
-39
-2
17
-28
114
95
-103
-127
273
-112
-239
280
-282
72
-10
9
-246
58
-10
-3
143
-126
-75
189
-188
64
10
2
-15
12
-12
4
-2
-2
7
-9
4
12
-20
20
7
-9
13
-20
20
-18
-11
14
-4
4
19
-20
35
11
-6
-22
39
36
-43
45
1
-16
8
11
-29
135
-124
95
2
-109
116
-69
9
-34
158
-154
-120
118
140
-113
-147
138
81
-153
40
5
-13
18
-15
-7
-8
17
-4
-12
-29
30
11
-15
-26
20
15
-18
4
8
-20
23
-34
25
-2
-46
70
-51
-65
28
2
-63
-63
47
-2
71
-36
-27
57
22
-51
19
-18
-10
8
18
-22
46
101
-195
189
-182
182
-12
-166
159
-16
145
-165
94
-4
-14
-63
26
-7
-6
83
-118
118
-115
105
-114
113
-104
83
16
-3
-10
4
-42
62
-7
-8
12
-45
28
-18
51
-91
32
16
-14
14
-35
25
7
9
-25
30
-17
33
-27
22
-26
26
-1
-27
55
-52
26
-12
14
-10
10
-9
1
17
-20
20
-8
-10
15
-7
-20
24
13
-4
-29
66
-69
79
-74
-41
90
-81
81
1
-11
-89
130
-129
124
-23
-48
179
-179
177
-144
-4
8
-11
19
-16
1
-11
17
-9
-14
-360
381
-395
219
211
-372
72
2
-10
-11
250
-192
-249
265
153
-29
-11
-134
331
-324
323
-335
29
-17
222
-282
250
-5
169
-110
-107
267
-269
106
-3
-12
-3
2
2
-2
12
15
-17
9
-4
-54
29
-11
-11
-11
-11
-11
-11
-11
13
-13
7
-57
22
-19
-46
51
-55
45
-41
43
-5
-24
20
-10
-49
21
-18
7
-11
6
17
-20
-27
20
19
-16
-20
20
15
-11
-20
20
1
-8
13
-5
13
-29
88
-64
107
-47
-53
35
-14
3
47
-58
31
22
-22
20
-6
-6
-20
33
-25
34
-25
20
-1
-9
18
-16
-20
20
1
9
-20
20
6
-12
-20
20
13
-4
5
-10
2
12
-8
-33
53
-41
39
18
-19
10
-4
-2
-35
22
11
6
-36
64
-75
33
1
-50
47
11
-11
-90
113
-119
57
-10
79
-79
53
18
-10
1
-11
-2
-57
61
-1
18
7
-32
20
-8
2
-20
20
-9
-12
11
-4
16
-19
3
19
-19
15
-42
103
-38
16
-32
91
9
-4
97
-99
91
-6
-37
118
-110
-119
120
-95
9
-103
86
-9
63
-123
121
13
-1
-1
-74
189
-180
180
-34
-52
41
125
-198
191
-79
-70
43
53
12
-13
-61
227
-11
-15
-55
270
-36
-10
-150
207
12
240
-275
212
213
-72
-14
19
-19
-3
13
-112
241
-1
98
-139
5
-126
152
9
-14
300
-319
314
-258
-266
335
-326
325
-334
104
-16
254
-233
-259
316
-304
19
-16
-3
-13
-211
408
-81
11
-63
285
14
1
9
48
-288
18
-54
432
-420
426
-439
250
-5
223
-394
396
-392
389
-58
18
-25
245
-2
260
-380
378
15
106
-109
-13
-314
250
36
-365
24
-19
329
-333
-133
356
-354
104
18
1
-310
301
-300
131
38
-142
-2
-135
327
-321
327
1
-19
-190
379
-377
370
-376
141
124
-345
295
19
199
-318
-187
328
-326
223
163
-141
-4
12
-245
291
84
-340
342
-59
-81
369
-271
10
15
-19
-432
441
-197
-272
46
-19
306
5
-18
-326
462
-91
-205
332
15
279
-448
193
163
-396
14
-9
7
-115
70
129
-513
173
462
-499
499
-492
-418
188
75
-3
-434
500
-501
336
221
-358
-450
500
-110
-311
530
-529
526
-520
503
17
-9
-483
492
-483
450
13
-16
3
1
6
-6
10
-10
-5
-3
189
-253
245
-243
248
-2
-139
224
114
-245
149
17
-232
28
-16
13
-14
129
-112
2
-122
192
-183
-139
218
-162
-201
220
-69
-2
9
-247
260
16
-8
2
-226
85
-9
-5
11
62
-101
18
-23
128
159
-126
-122
140
-8
153
-42
-12
-124
190
-195
-173
144
177
-197
75
32
-4
-12
-146
164
198
-190
-116
205
-141
-65
77
6
9
-189
34
-12
11
12
-17
-105
79
11
-10
-4
2
2
2
2
2
2
2
16
-25
91
-93
98
-95
95
-86
-96
94
-7
3
6
-55
54
31
-4
-15
-5
2
18
-35
139
-139
20
-13
-115
112
-13
-49
82
40
-106
114
-29
-14
-2
-6
-177
180
-30
-143
180
2
6
51
-71
-79
171
-38
-28
34
44
-13
-49
187
-64
4
-203
214
161
-205
203
-211
208
13
-15
-2
6
-96
284
-292
297
-139
18
-18
-266
346
-293
8
-221
218
194
9
-32
202
244
-275
-7
19
-19
-94
94
439
-435
-37
453
-388
19
-17
3
-432
525
-431
-4
-301
87
-8
-7
450
-517
112
-12
242
-470
471
-470
469
-88
-183
483
-483
491
-497
331
5
9
5
321
-406
351
258
-355
-228
404
-97
-142
151
-4
11
-11
18
-16
-9
177
-293
299
-298
287
-237
2
13
-204
346
-348
353
-356
204
223
-331
331
9
-18
6
-78
392
-287
-300
409
-410
182
12
-17
281
-113
12
-15
1
-306
236
300
-419
413
-19
-56
204
16
137
-374
56
30
-127
-9
-162
390
-218
7
14
-14
-7
13
-11
-9
7
-282
99
9
-15
275
-508
507
-515
519
-519
185
449
-279
-106
393
3
6
5
-3
28
-79
-283
250
-9
340
-295
8
-209
437
-402
-344
446
-443
366
284
-217
-285
272
86
-435
435
-422
394
19
-13
49
-6
-124
168
-14
79
-106
-5
-152
70
-2
13
265
-306
-4
-321
231
-16
194
-328
327
-77
-302
345
-335
12
-12
-234
412
-402
333
114
-387
229
291
-223
-247
383
-37
-1
-104
436
-431
390
17
5
-10
-3
3
-12
-2
5
227
-193
-2
-212
205
163
-181
-186
207
88
-89
-128
47
-17
154
-261
217
15
-3
-230
21
-9
-4
-16
-136
253
-256
259
-259
241
-249
59
-4
102
-212
209
-138
1
10
-8
-232
196
1
-4
-3
204
-239
239
-180
-83
245
2
-12
-58
296
-290
187
18
-17
2
126
-204
201
-122
-136
236
-235
160
75
-205
212
-156
1
-136
252
-251
252
-209
9
11
-51
318
-318
307
-110
-98
336
-327
212
142
-137
-232
279
1
177
-286
220
171
-261
262
-221
8
-244
304
-308
173
4
-12
-6
17
-8
-11
152
-173
167
-160
104
-2
17
-18
69
-68
-15
-68
154
-142
150
-109
-41
175
-163
145
72
-154
32
2
-14
1
6
19
-13
-24
48
15
-18
-62
67
-60
60
-71
-55
35
9
-10
-43
47
-48
52
-44
-34
32
7
-12
19
-19
19
-24
47
44
-55
25
-4
14
-15
-2
-36
38
15
8
-22
47
11
-55
59
-4
-8
-8
-8
-8
-8
-8
-8
-4
-1
5
-17
11
16
-20
20
-8
-5
8
-17
16
7
-20
38
-7
-21
22
-12
-10
-35
36
24
-30
26
-29
30
-21
20
3
-3
12
-21
55
-49
21
-6
-22
20
-11
-24
47
-41
45
-54
57
-42
19
-17
-12
10
-92
145
-143
105
139
-139
24
-19
12
11
-8
-11
-20
20
-1
-5
15
-15
13
-17
11
2
-9
-63
148
-154
150
-146
145
-148
157
-154
156
-156
156
-137
-85
61
36
-70
-120
72
-5
-141
149
-146
156
-159
159
-151
7
-66
190
-28
-15
-154
236
-198
14
-14
-103
126
225
9
-24
213
2
-4
2
8
75
-190
77
2
32
-88
1
-100
196
-118
-11
4
9
-12
-150
296
-25
-131
306
-303
300
-303
306
-214
3
3
-290
284
-5
-8
19
16
-295
292
-201
-182
204
2
-2
17
-104
-4
-194
269
-260
260
-262
274
-279
145
209
-175
-183
54
30
-200
-5
9
-150
311
-315
311
7
-51
325
-195
-301
366
-366
24
-19
-340
343
-310
-332
378
-379
294
7
165
-324
325
-331
202
3
170
-286
190
19
-19
204
-237
237
-237
80
12
-10
4
138
-153
73
-14
-125
134
-116
-117
151
-154
157
-152
92
-16
100
-100
107
-119
107
-29
-61
128
-125
129
-128
133
-137
129
-126
138
-124
6
-5
-8
15
-7
-67
42
2
93
-191
5
-229
236
4
19
-19
12
38
-143
146
-47
14
-16
-128
219
-217
4
-5
-4
9
-8
-316
320
-327
338
-308
-150
95
1
259
-264
1
-297
183
-16
7
278
-294
-8
-199
156
157
-198
-287
117
17
-329
82
-11
88
-10
-7
-8
-307
372
-377
366
-360
329
-11
13
194
-315
103
157
-201
19
-56
337
-339
39
88
-246
-209
328
-330
334
-335
332
-288
-289
352
-330
-300
368
-190
-338
383
-393
26
-18
-2
160
-320
320
-23
-135
154
-16
162
-2
-281
314
-2
15
-7
13
34
-110
-14
18
-130
281
-58
-128
82
-6
36
-118
-135
299
-298
204
105
-248
249
-251
258
-251
-161
276
-277
108
244
-257
251
-253
172
152
-66
-10
-163
264
-266
39
206
-259
30
1
-234
68
150
-197
-187
223
-226
223
2
-228
241
-243
241
-181
3
15
-86
307
-161
-4
7
-4
-254
255
-8
305
-346
345
-345
344
-261
-278
362
-79
-1
-5
-315
233
7
-6
5
37
-52
-273
299
106
-345
40
-16
-8
-3
9
-9
2
12
-9
64
-140
-130
109
14
42
-151
91
67
-120
122
-138
35
-16
10
32
-72
28
-18
5
5
5
5
5
5
5
-11
-1
18
-20
20
-4
-6
10
-17
18
-10
-20
20
7
-9
17
-22
21
8
-33
20
-16
-1
2
15
-2
-23
24
14
-5
-12
10
-28
99
-99
95
-36
6
-7
-41
159
-155
111
14
31
-39
-7
15
-1
-39
148
130
-170
177
-177
54
-9
29
-121
121
-4
-128
125
14
17
-114
105
-14
-108
82
2
58
18
-17
-17
-127
177
-150
-11
-11
17
-39
255
-253
104
-6
17
-8
-191
197
-31
-14
-184
81
-1
4
-14
79
-157
157
-158
89
88
-121
121
-123
103
4
7
-2
4
22
-36
20
11
-14
2
-57
54
3
-7
-6
2
-78
69
-11
10
-49
56
-45
41
-46
59
-59
33
13
-21
21
-24
29
-34
38
-37
33
-34
20
-1
-5
12
-17
12
-4
-20
20
11
-13
6
11
-13
-117
120
-129
47
-7
19
-18
-4
33
-33
30
-35
36
-37
20
8
-17
10
17
-12
-39
39
17
-5
-17
17
-4
-20
21
17
-25
40
-26
-53
69
-12
-16
13
-71
123
-122
73
96
-108
11
-45
71
134
-139
138
-129
-4
-1
17
-8
-4
-150
250
-254
257
-256
253
-17
-24
271
-265
271
-177
12
-178
303
-307
302
-76
-235
148
36
-17
-116
328
-38
-93
229
153
-148
-201
357
-359
359
-352
12
-92
309
243
-142
-121
106
344
-379
372
-40
-89
395
-395
179
130
-151
-211
89
-16
12
6
-15
14
119
-249
197
16
81
-217
104
17
127
-170
149
32
-86
-120
170
-159
19
-14
-11
-2
-251
257
12
19
-19
-2
9
68
-144
140
-148
156
-144
8
9
-81
217
-172
3
14
-6
-35
298
-36
2
-19
-146
351
-348
144
241
-332
184
42
-14
-105
287
251
-94
-2
17
-18
-317
263
11
-12
-2
12
65
-294
135
3
-6
9
66
-204
212
-130
3
-76
84
90
-22
-23
36
60
-230
56
34
-204
170
65
-188
198
-158
-5
-124
237
-238
58
-2
-1
10
13
-21
-42
36
44
-98
-50
71
103
-112
8
-41
197
18
-19
-161
239
-238
16
-46
273
-167
-3
-126
25
-16
-288
292
-286
289
-297
292
-282
241
-10
19
-17
-1
9
5
-56
10
-52
137
145
-94
-50
39
67
-181
185
-165
-165
157
73
-135
-138
106
16
-13
-166
79
-11
132
-87
-48
145
-151
44
2
-14
79
-90
60
4
-3
7
-4
-3
