2it5 18.427 29.649 25.093 2it5 18.427 29.649 25.093
2it5 17.125 29.886 25.857 2it5 17.125 29.886 25.857
2it5 19.601 29.806 26 2it5 19.601 29.806 26
2it5 18.995 31.754 24.076 2it5 18.995 31.754 24.076
2it5 16.696 31.653 26.039 2it5 16.696 31.653 26.039
2it5 19.114 30.778 20.697 2it5 19.114 30.778 20.697
2it5 21.519 30.292 21.553 2it5 21.519 30.292 21.553
2it5 22.048 32.328 22.173 2it5 22.048 32.328 22.173
2it5 20.452 31.086 21.298 2it5 20.452 31.086 21.298
2it5 17.96 30.231 22.794 2it5 17.96 30.231 22.794
2it5 20.815 32.355 21.698 2it5 20.815 32.355 21.698
2it5 22.498 31.089 22.096 2it5 22.498 31.089 22.096
2it5 16.216 29.658 20.745 2it5 16.216 29.658 20.745
2it5 14.36 33.067 19.224 2it5 14.36 33.067 19.224
2it5 16.188 33.294 20.686 2it5 16.188 33.294 20.686
2it5 14.843 33.915 20.369 2it5 14.843 33.915 20.369
2it5 13.993 29.775 18.381 2it5 13.993 29.775 18.381
2it5 16.108 30.635 15.369 2it5 16.108 30.635 15.369
2it5 15.933 30.771 17.814 2it5 15.933 30.771 17.814
2it5 18.471 29.761 17.352 2it5 18.471 29.761 17.352
2it5 18.925 27.25 16.257 2it5 18.925 27.25 16.257
2it5 18.544 25.882 15.689 2it5 18.544 25.882 15.689
2it5 16.581 27.178 15.65 2it5 16.581 27.178 15.65
2it5 17.062 25.784 15.958 2it5 17.062 25.784 15.958
2it5 17.66 27.995 16.226 2it5 17.66 27.995 16.226
2it5 19.657 28.76 14.541 2it5 19.657 28.76 14.541
2it5 22.34 28.182 14.881 2it5 22.34 28.182 14.881
2it5 23.657 27.498 15.251 2it5 23.657 27.498 15.251
2it5 23.338 27.956 17.75 2it5 23.338 27.956 17.75
2it5 25.474 27.96 17.073 2it5 25.474 27.96 17.073
2it5 25.439 28.213 18.467 2it5 25.439 28.213 18.467
2it5 26.718 27.914 16.424 2it5 26.718 27.914 16.424
2it5 24.119 27.8 16.638 2it5 24.119 27.8 16.638
2it5 27.807 28.37 18.564 1IWG 46.233 57.613 294.872
2it5 27.807 28.37 18.564 1N2Z 9.409 57.772 102.037
2it5 27.807 28.37 18.564 1OXS 25.579 3.288 13.895
2it5 27.807 28.37 18.564 1R10 124.616 43.909 285.226
2it5 27.807 28.37 18.564 1U7G 36.299 0.735 -30.583
2it5 27.807 28.37 18.564 1XFH -13.958 41.846 4.256
2it5 27.807 28.37 18.564 1XFH 23.948 36.574 20.136
2it5 27.807 28.37 18.564 1XQE -1.365 30.07 6.465
2it5 27.807 28.37 18.564 1XQF 46.198 15.46 12.942
2it5 27.807 28.37 18.564 1XQF 42.087 3.572 10.892
2it5 27.807 28.37 18.564 1XQF 46.986 -2.219 22.025
2it5 27.807 28.37 18.564 2B2F 16.937 7.866 1.493
2it5 27.807 28.37 18.564 2B2H 0.773 16.02 -1.654
2it5 27.807 28.37 18.564 2B2J 0.772 -16.104 1.988
2it5 27.807 28.37 18.564 2DHH 185.479 121.087 1.014
2it5 27.807 28.37 18.564 2DHH 133.759 118.775 79.89
2it5 27.807 28.37 18.564 2DHH 133.067 118.679 81.117
2it5 27.807 28.37 18.564 2DR6 133.138 95.976 95.402
2it5 27.807 28.37 18.564 2DR6 107.191 64.857 38.173
2it5 27.807 28.37 18.564 2EZ0 46.046 16.912 25.19
2it5 27.807 28.37 18.564 2FED -38.092 23.646 -45.616
2it5 27.807 28.37 18.564 2FED -41.895 16.25 -31.781
2it5 27.807 28.37 18.564 2FEE 22.28 -13.866 37.98
2it5 27.807 28.37 18.564 2FEE 41.832 16.277 31.969
2it5 27.807 28.37 18.564 2FF7 173.46 65.786 -50.334
2it5 27.807 28.37 18.564 2GFP -25.587 -25.014 5.647
2it5 27.807 28.37 18.564 2GFP 20.572 -19.708 40.252
2it5 27.807 28.37 18.564 2GFP 12.048 -21.12 53.84
2it5 27.807 28.37 18.564 2GFP 55.557 25.1 5.477
2it5 27.807 28.37 18.564 2GFP 48.548 17.104 19.847
2it5 27.807 28.37 18.564 2GFP 18.538 21 54.125
2it5 27.807 28.37 18.564 2HQC 41.021 -57.034 -51.868
2it5 27.807 28.37 18.564 2HTK -38.243 23 -45.923
2it5 27.807 28.37 18.564 2HTL -43.674 8.791 -33.167
2it5 27.807 28.37 18.564 2HYD 143.475 80.93 133.395
2it5 27.807 28.37 18.564 2I6W 14.375 -71.984 46.748
2it5 27.807 28.37 18.564 2IUB 24.014 41.22 75.07
2it5 27.807 28.37 18.564 2NPD 33.519 8.154 8.104
2it5 27.807 28.37 18.564 2NPE 33.506 8.126 8.229
2it5 27.807 28.37 18.564 2NPJ 46.472 -1.827 21.475
2it5 27.807 28.37 18.564 2NPK 46.096 16.299 3.168
2it5 27.807 28.37 18.564 2NPK 46.117 -1.927 21.448
2it5 27.807 28.37 18.564 2NUU 22.266 -0.162 39.854
2it5 27.807 28.37 18.564 2NWL -12.446 -0.37 13.168
2it5 27.807 28.37 18.564 2NWL -2.624 9.269 16.148
2it5 27.807 28.37 18.564 2NWL 5.606 -1.741 25.909
2it5 27.807 28.37 18.564 2NWL 12.689 65.748 -12.232
2it5 27.807 28.37 18.564 2NWL 61.147 8.987 3.45
2it5 27.807 28.37 18.564 2NWW -8.996 -0.287 18.329
2it5 27.807 28.37 18.564 2NWW -14.241 42.558 6.337
2it5 27.807 28.37 18.564 2ONJ 117.85 53.905 117.694
2it5 27.807 28.37 18.564 2ONK -33.154 27.627 6.125
2it5 27.807 28.37 18.564 2ONK 9.119 102.235 -72.736
2it5 27.807 28.37 18.564 2P8Q 10.954 44.057 -10.847
2it5 27.807 28.37 18.564 2Q6H 47.005 41.513 34.282
2it5 27.807 28.37 18.564 2Q6H 29.731 27.59 42.893
2it5 27.807 28.37 18.564 2Q72 46.902 41.485 34.444
2it5 27.807 28.37 18.564 2QB4 46.944 41.569 34.458
2it5 27.807 28.37 18.564 2QEI 47.637 41.32 34.763
2it5 27.807 28.37 18.564 2QFI 54.479 -30.055 47.914
2it5 27.807 28.37 18.564 2QFI 11.562 -62.653 65.853
2it5 27.807 28.37 18.564 2QI9 27.795 26.288 54.033
2it5 27.807 28.37 18.564 2QI9 28.111 34.409 52.941
2it5 27.807 28.37 18.564 2QJU 33.169 3.191 -33.429
2it5 27.807 28.37 18.564 2R9H -46.834 16.827 -31.951
2it5 27.807 28.37 18.564 2RDD 15.612 -65.837 32.786
2it5 27.807 28.37 18.564 2RDD 39.41 -65.992 15.46
2it5 27.807 28.37 18.564 2YVX 73.341 21.361 193.645
2it5 27.807 28.37 18.564 2YVX 101.901 63.855 191.783
2it5 27.807 28.37 18.564 2YVX 78.921 -39.645 266.924
2it5 27.807 28.37 18.564 2YVX 93.656 -5.689 210.654
2it5 27.807 28.37 18.564 2it5 27.807 28.37 18.564
2it5 27.807 28.37 18.564 2vl0 -88.822 -58.002 -19.253
2it5 27.807 28.37 18.564 2vl0 -81.651 -28.698 -24.888
2it5 27.807 28.37 18.564 2vl0 -57.023 -128.934 -22.451
2it5 27.807 28.37 18.564 2vl0 -62.451 -94.299 -58.298
2it5 27.807 28.37 18.564 2vl0 -63.703 -101.791 -8.689
2it5 27.807 28.37 18.564 2zcp 50.084 14.159 13.597
2it5 27.807 28.37 18.564 3B60 104.557 -35.998 113.008
2it5 27.807 28.37 18.564 3B9W 27.951 13.661 83.71
2it5 27.807 28.37 18.564 3B9Y -4.716 -23.78 2.197
2it5 27.807 28.37 18.564 3B9Z -11.368 3.674 -6.002
2it5 27.807 28.37 18.564 3B9Z -26.341 20.452 -11.67
2it5 27.807 28.37 18.564 3BHS 25.236 23.19 108.539
2it5 27.807 28.37 18.564 3C1G 59.106 2.5 11.081
2it5 27.807 28.37 18.564 3C1G 40.782 3.197 11.012
2it5 27.807 28.37 18.564 3C1G 21.572 14.347 8.489
2it5 26.602 28.42 19.224 2NUU -11.878 14.057 51.667
2it5 26.602 28.42 19.224 2QI9 50.505 52.519 39.598
2it5 26.602 28.42 19.224 2YZ2 19.25 57.638 49.823
2it5 26.602 28.42 19.224 2it5 26.602 28.42 19.224
2it5 27.877 28.12 17.177 1IWG 30.152 51.205 329.417
2it5 27.877 28.12 17.177 1TLY -22.379 65.857 20.583
2it5 27.877 28.12 17.177 1TLY -26.271 84.738 23.704
2it5 27.877 28.12 17.177 1TLZ -22.787 65.962 20.69
2it5 27.877 28.12 17.177 1TLZ -27.021 84.948 23.653
2it5 27.877 28.12 17.177 1U7G 36.46 -0.2 -31.788
2it5 27.877 28.12 17.177 1XQF 30.111 28.069 8.454
2it5 27.877 28.12 17.177 2B2I 0.782 -16.079 -44.923
2it5 27.877 28.12 17.177 2DHH 126.341 97.194 74.502
2it5 27.877 28.12 17.177 2DR6 163.089 75.347 59.18
2it5 27.877 28.12 17.177 2DR6 129.1 93.492 69.939
2it5 27.877 28.12 17.177 2DRD 105.642 95.561 43.792
2it5 27.877 28.12 17.177 2DRD 108.251 67.097 54.797
2it5 27.877 28.12 17.177 2EXY 13.251 -9.59 22.738
2it5 27.877 28.12 17.177 2EZ0 21.003 -6.488 31.702
2it5 27.877 28.12 17.177 2FEC 37.966 22.891 45.671
2it5 27.877 28.12 17.177 2GFP -18.409 -17.086 19.975
2it5 27.877 28.12 17.177 2H2P -17.743 -10.795 -31.183
2it5 27.877 28.12 17.177 2H2S -42.652 25.538 -39.5
2it5 27.877 28.12 17.177 2HMW 30.729 47.672 10.635
2it5 27.877 28.12 17.177 2HMW 36.398 52.75 13.395
2it5 27.877 28.12 17.177 2HN1 -23.52 8.932 -2.357
2it5 27.877 28.12 17.177 2HN2 44.551 112.725 43.685
2it5 27.877 28.12 17.177 2HQD 62.922 -55.695 -56.744
2it5 27.877 28.12 17.177 2HQF 54.627 -62.616 -68.985
2it5 27.877 28.12 17.177 2HYD 151.716 70.861 133.852
2it5 27.877 28.12 17.177 2NMR 59.459 0.83 19.336
2it5 27.877 28.12 17.177 2NOP 59.269 0.624 19.249
2it5 27.877 28.12 17.177 2NPD 28.201 3.563 12.581
2it5 27.877 28.12 17.177 2NPK 53.139 1.144 12.244
2it5 27.877 28.12 17.177 2NPK 44.029 12.368 8.22
2it5 27.877 28.12 17.177 2NQ2 6.171 0.684 51.014
2it5 27.877 28.12 17.177 2NQ2 -9.42 -13.13 25.007
2it5 27.877 28.12 17.177 2NQ2 -3.385 -16.812 25.252
2it5 27.877 28.12 17.177 2NUU 6.923 41.575 41.417
2it5 27.877 28.12 17.177 2NUU 3.598 37.734 38.056
2it5 27.877 28.12 17.177 2NUU 14.012 -3.38 40.307
2it5 27.877 28.12 17.177 2NUU 15.77 -2.28 41.653
2it5 27.877 28.12 17.177 2NUU 5.436 5.945 103.103
2it5 27.877 28.12 17.177 2NUU 9.123 -0.788 99.077
2it5 27.877 28.12 17.177 2NWW 51.325 47.769 -0.221
2it5 27.877 28.12 17.177 2NWX 17.295 -14.456 19.388
2it5 27.877 28.12 17.177 2NWX 61 10.531 3.713
2it5 27.877 28.12 17.177 2NWX 64.334 36.484 -9.368
2it5 27.877 28.12 17.177 2ONK -37.192 30.525 9.706
2it5 27.877 28.12 17.177 2Q6H 46.027 40.563 33.916
2it5 27.877 28.12 17.177 2Q72 45.923 40.535 34.09
2it5 27.877 28.12 17.177 2QB4 50.55 26.149 17.76
2it5 27.877 28.12 17.177 2QB4 45.973 40.609 34.112
2it5 27.877 28.12 17.177 2QB4 29.604 27.594 43.113
2it5 27.877 28.12 17.177 2R9H -22.798 -15.484 -38.522
2it5 27.877 28.12 17.177 2it5 27.877 28.12 17.177
2it5 27.877 28.12 17.177 2zcp 54.773 -19.131 20.913
2it5 27.877 28.12 17.177 3B9W 1.546 -1.613 78.835
2it5 27.877 28.12 17.177 3B9Z -2.18 0.497 11.456
2it5 27.877 28.12 17.177 3BHS 2.188 0.795 84.922
2it5 27.877 28.12 17.177 3C1G 22.076 14.803 22.847
2it5 27.877 28.12 17.177 3C1H 55.304 15.131 7.859
2it5 21.244 27.604 15.641 2it5 21.244 27.604 15.641
2it5 24.123 28.205 18.852 2it5 24.123 28.205 18.852
2it5 21.616 26.976 12.939 2it5 21.616 26.976 12.939
2it5 22.24 29.052 11.186 2it5 22.24 29.052 11.186
2it5 22.965 27.849 10.582 2it5 22.965 27.849 10.582
2it5 24.986 29.134 9.713 2GHB 5.784 3.051 29.12
2it5 24.986 29.134 9.713 2OUK -37.965 26.912 32.07
2it5 24.986 29.134 9.713 2OUX 49.612 47.43 2.301
2it5 24.986 29.134 9.713 2QJU -2.063 -25.096 -3.98
2it5 24.986 29.134 9.713 2it5 24.986 29.134 9.713
2it5 24.483 27.989 10.595 2it5 24.483 27.989 10.595
2it5 22.402 29.06 12.631 2it5 22.402 29.06 12.631
2it5 20.586 29.022 9.469 2it5 20.586 29.022 9.469
2it5 26.218 29.339 9.637 1B58 24.95 8.161 -13.944
2it5 26.218 29.339 9.637 1F3O 14.39 19.791 -4.459
2it5 26.218 29.339 9.637 1FI1 59.617 119.416 60.29
2it5 26.218 29.339 9.637 1G9X 105.748 20.704 -10.77
2it5 26.218 29.339 9.637 1J6T -21.466 23.742 12.454
2it5 26.218 29.339 9.637 1JEU -6.692 37.125 -0.991
2it5 26.218 29.339 9.637 1N2Z -4.738 83.412 89.155
2it5 26.218 29.339 9.637 1NQH -8.142 70.912 56.208
2it5 26.218 29.339 9.637 1OXU -10.744 121.907 69.328
2it5 26.218 29.339 9.637 1OXV -0.759 122.519 48.848
2it5 26.218 29.339 9.637 1PSZ 0.884 67.877 18.093
2it5 26.218 29.339 9.637 1Q1E 5.612 12.85 20.59
2it5 26.218 29.339 9.637 1Q3H 167.554 -3.095 26.681
2it5 26.218 29.339 9.637 1Q3H 151.608 -20.339 59.373
2it5 26.218 29.339 9.637 1R0W 88.425 9.407 92.634
2it5 26.218 29.339 9.637 1R0Y 167.917 -2.17 26.74
2it5 26.218 29.339 9.637 1TOA 10.232 54.314 48.533
2it5 26.218 29.339 9.637 1TWY 18.652 -17.184 51.25
2it5 26.218 29.339 9.637 1VH4 1.327 9.633 -78.583
2it5 26.218 29.339 9.637 1VSQ 12.411 43.05 -8.121
2it5 26.218 29.339 9.637 1XQE -1.075 38.305 -21.183
2it5 26.218 29.339 9.637 1XT8 12.96 53.583 13.593
2it5 26.218 29.339 9.637 1Z47 21.673 23.926 67.587
2it5 26.218 29.339 9.637 1Z47 15.31 17.687 -5.462
2it5 26.218 29.339 9.637 2D1U 7.051 -45.303 -14.918
2it5 26.218 29.339 9.637 2FEE 1.996 32.52 -18.503
2it5 26.218 29.339 9.637 2FFA 267.076 5.991 -34.251
2it5 26.218 29.339 9.637 2HFB -79.616 20.506 24.577
2it5 26.218 29.339 9.637 2HFB -97.288 -22.549 16.572
2it5 26.218 29.339 9.637 2HQ0 47.881 69.583 13.661
2it5 26.218 29.339 9.637 2HQC 17.957 -45.004 -32.402
2it5 26.218 29.339 9.637 2HQF 31.635 -46.818 4.48
2it5 26.218 29.339 9.637 2HQG 57.909 -21.082 26.138
2it5 26.218 29.339 9.637 2HQG 39.957 -22.941 -88.533
2it5 26.218 29.339 9.637 2JZN 12.411 43.05 -8.121
2it5 26.218 29.339 9.637 2NOP 27.902 18.5 35.848
2it5 26.218 29.339 9.637 2NPC 28.111 17.357 35.539
2it5 26.218 29.339 9.637 2NPJ 28.347 18.625 35.881
2it5 26.218 29.339 9.637 2NQ2 0.384 51.119 4.552
2it5 26.218 29.339 9.637 2NQ2 -13.817 21.643 -22.385
2it5 26.218 29.339 9.637 2NS1 14.215 23.562 107.614
2it5 26.218 29.339 9.637 2NUU 50.201 13.718 72.046
2it5 26.218 29.339 9.637 2O1M 35.113 21.708 8.736
2it5 26.218 29.339 9.637 2O8B -85.327 48.194 8.215
2it5 26.218 29.339 9.637 2OLK 55.07 -34.601 43.626
2it5 26.218 29.339 9.637 2ONK -20.167 42.416 -47.639
2it5 26.218 29.339 9.637 2OUK 3.48 18.073 9.649
2it5 26.218 29.339 9.637 2OUX 42.207 15.305 0.786
2it5 26.218 29.339 9.637 2P13 2.582 9.663 -5.27
2it5 26.218 29.339 9.637 2PLS 72.978 2.217 61.113
2it5 26.218 29.339 9.637 2PS3 -28.94 -55.165 32.74
2it5 26.218 29.339 9.637 2PT1 -9.095 -1.981 9.673
2it5 26.218 29.339 9.637 2PT2 -5.617 -11.68 12.317
2it5 26.218 29.339 9.637 2QJU -2.417 -26.292 -3.946
2it5 26.218 29.339 9.637 2QVC 48.353 39.284 11.237
2it5 26.218 29.339 9.637 2QVC -9.772 24.834 9.437
2it5 26.218 29.339 9.637 2R6G -31.128 29.579 48.426
2it5 26.218 29.339 9.637 2R8D 33.951 34.522 -7.605
2it5 26.218 29.339 9.637 2V95 34.122 30.156 32.858
2it5 26.218 29.339 9.637 2YVZ -29.216 -139.647 -77.264
2it5 26.218 29.339 9.637 2it5 26.218 29.339 9.637
2it5 26.218 29.339 9.637 3BK7 -42.548 -33.755 -24.159
2it5 26.218 29.339 9.637 3BRS 58.861 34.833 35.673
2it5 26.218 29.339 9.637 3C6Q 24.391 -49.207 20.579
2it5 26.218 29.339 9.637 3C6Q -16.167 -26.072 29.621
2it5 24.152 29.827 9.088 1JBG 13.355 42.188 52.908
2it5 24.152 29.827 9.088 1XVL -10.581 58.672 -45.979
2it5 24.152 29.827 9.088 2PLI 31.798 -31.846 38.048
2it5 24.152 29.827 9.088 2QVC 37.023 55.159 91.581
2it5 24.152 29.827 9.088 2it5 24.152 29.827 9.088
2it5 16.32 23.72 11.512 2it5 16.32 23.72 11.512
2it5 18.427 24.994 12.004 2it5 18.427 24.994 12.004
2it5 18.746 31.673 11.594 2it5 18.746 31.673 11.594
2it5 16.457 32.437 10.212 2it5 16.457 32.437 10.212
2it5 15.715 34.161 8.535 2ONJ 90.236 39.679 162.154
2it5 15.715 34.161 8.535 2it5 15.715 34.161 8.535
2it5 17.477 32.599 8.021 2it5 17.477 32.599 8.021
2it5 14.127 34.553 13.827 2it5 14.127 34.553 13.827
2it5 12.46 36.389 14.336 2it5 12.46 36.389 14.336
2it5 11.187 34.84 16.257 2it5 11.187 34.84 16.257
2it5 11.359 36.906 15.03 2it5 11.359 36.906 15.03
2it5 12.936 35.103 14.588 2it5 12.936 35.103 14.588
2it5 10.72 36.127 15.996 2it5 10.72 36.127 15.996
2it5 15.009 33.712 11.694 1IWG 40.707 28.495 359.694
2it5 15.009 33.712 11.694 1R0Z 133.761 -5.887 97.69
2it5 15.009 33.712 11.694 2GHB -23.486 -41.812 16.221
2it5 15.009 33.712 11.694 2HN2 -25.618 64.424 18.958
2it5 15.009 33.712 11.694 2it5 15.009 33.712 11.694
2it5 15.009 33.712 11.694 3C6Q -13.145 10.034 -2.171
2it5 15.009 33.712 11.694 3C6Q -53.582 -9.602 52.474
2it5 15.009 33.712 11.694 3C6Q 23.218 -52.924 41.076
2it5 15.009 33.712 11.694 3C6Q -17.423 -22.399 9.119
2it5 13.386 36.043 11.228 2it5 13.386 36.043 11.228
2it5 9.955 37.892 8.813 2it5 9.955 37.892 8.813
2it5 9.037 38.822 8.307 2it5 9.037 38.822 8.307
2it5 7.788 38.391 7.854 2it5 7.788 38.391 7.854
2it5 7.084 34.971 13.634 2it5 7.084 34.971 13.634
2it5 7.354 36.253 12.843 2it5 7.354 36.253 12.843
2it5 6.268 36.419 11.774 2it5 6.268 36.419 11.774
2it5 5.003 38.057 10.307 2it5 5.003 38.057 10.307
2it5 6.266 37.786 11.112 2it5 6.266 37.786 11.112
2it5 8.682 36.376 12.248 2it5 8.682 36.376 12.248
2it5 4.47 39.265 10.431 2it5 4.47 39.265 10.431
2it5 6.156 34.213 13.32 2it5 6.156 34.213 13.32
2it5 4.524 37.196 9.575 2it5 4.524 37.196 9.575
2it5 7.707 33.575 15.51 2it5 7.707 33.575 15.51
2it5 7.898 34.735 14.659 2it5 7.898 34.735 14.659
2it5 7.923 31.199 15.588 2it5 7.923 31.199 15.588
2it5 5.784 31.121 11.88 2it5 5.784 31.121 11.88
2it5 6.487 29.427 13.172 2it5 6.487 29.427 13.172
2it5 17.848 23.578 6.805 2it5 17.848 23.578 6.805
2it5 20.224 24.348 8.029 2it5 20.224 24.348 8.029
2it5 19.053 22.948 6.457 2it5 19.053 22.948 6.457
2it5 20.242 23.336 7.073 2it5 20.242 23.336 7.073
2it5 18.233 28.847 3.652 2it5 18.233 28.847 3.652
2it5 14.981 31.364 4.396 2it5 14.981 31.364 4.396
2it5 17.116 29.859 3.47 2YYZ 29.732 -2.506 -20.951
2it5 17.116 29.859 3.47 2it5 17.116 29.859 3.47
2it5 17.477 27.441 5.538 2it5 17.477 27.441 5.538
2it5 20.044 26.772 4.437 2it5 20.044 26.772 4.437
2it5 20.748 25.782 1.614 2it5 20.748 25.782 1.614
2it5 24.402 24.869 2.759 2it5 24.402 24.869 2.759
2it5 24.263 26.245 3.384 2it5 24.263 26.245 3.384
2it5 22.051 24.203 2.57 2it5 22.051 24.203 2.57
2it5 23.872 27.23 2.575 2it5 23.872 27.23 2.575
2it5 24.587 23.317 0.239 2it5 24.587 23.317 0.239
2it5 24.513 26.425 4.576 2it5 24.513 26.425 4.576
2it5 22.936 21.09 0.231 2it5 22.936 21.09 0.231
2it5 23.27 19.901 1.131 2it5 23.27 19.901 1.131
2it5 22.247 19.687 2.081 2it5 22.247 19.687 2.081
2it5 20.689 19.939 -3.723 2it5 20.689 19.939 -3.723
2it5 21.613 19.909 -1.459 2it5 21.613 19.909 -1.459
2it5 23.029 21.318 -5.784 2HPG 59.287 90.582 14.911
2it5 23.029 21.318 -5.784 2O7J 16.413 32.583 100.817
2it5 23.029 21.318 -5.784 2it5 23.029 21.318 -5.784
2it5 20.554 17.28 -1.867 2P8Q -3.424 36.583 6.586
2it5 20.554 17.28 -1.867 2it5 20.554 17.28 -1.867
2it5 20.894 21.912 -6.174 2FED -12.972 56.747 28.448
2it5 20.894 21.912 -6.174 2it5 20.894 21.912 -6.174
2it5 17.751 16.877 -2.149 2it5 17.751 16.877 -2.149
2it5 18.201 16.179 0.286 2it5 18.201 16.179 0.286
2it5 18.351 14.586 3.408 2Z23 27.045 33.481 -5.973
2it5 18.351 14.586 3.408 2it5 18.351 14.586 3.408
2it5 18.571 15.661 2.661 1OXS 30.076 -4.795 10.196
2it5 18.571 15.661 2.661 2IEE 38.338 1.577 77.167
2it5 18.571 15.661 2.661 2it5 18.571 15.661 2.661
2it5 17.205 13.928 3.304 2it5 17.205 13.928 3.304
2it5 19.283 14.158 4.248 1G29 165.352 6.71 38.53
2it5 19.283 14.158 4.248 2I6W 30.297 -77.444 -22.243
2it5 19.283 14.158 4.248 2it5 19.283 14.158 4.248
2it5 14.545 14.476 -4.972 2it5 14.545 14.476 -4.972
2it5 15.948 15.774 -3.37 2it5 15.948 15.774 -3.37
2it5 14.611 12.104 -4.541 2it5 14.611 12.104 -4.541
2it5 5.3 17.166 -1.296 1PO3 4.599 -27.566 51.111
2it5 5.3 17.166 -1.296 2it5 5.3 17.166 -1.296
2it5 5.932 16.016 -1.804 2it5 5.932 16.016 -1.804
2it5 10.331 12.307 -1.638 2it5 10.331 12.307 -1.638
2it5 7.845 11.921 -2.253 2it5 7.845 11.921 -2.253
2it5 7.982 12.38 -4.394 2PLS 83.847 43.24 122.718
2it5 7.982 12.38 -4.394 2R9H -3.651 18.02 -66.209
2it5 7.982 12.38 -4.394 2it5 7.982 12.38 -4.394
2it5 9.138 12.212 -2.528 2it5 9.138 12.212 -2.528
2it5 9.192 12.493 -3.876 2it5 9.192 12.493 -3.876
2it5 7.146 12.035 -3.43 1Q3H 79.469 -18.736 22.1
2it5 7.146 12.035 -3.43 2DR6 119.022 97.334 20.504
2it5 7.146 12.035 -3.43 2O8B -19.333 14.645 35.715
2it5 7.146 12.035 -3.43 2OLK 30.586 -23.243 22.378
2it5 7.146 12.035 -3.43 2it5 7.146 12.035 -3.43
2it5 11.291 13.531 1.218 1TLY -44.798 61.609 -3.898
2it5 11.291 13.531 1.218 2DR6 124.781 123.266 57.151
2it5 11.291 13.531 1.218 2FGK -7.445 6.337 -14.119
2it5 11.291 13.531 1.218 2HQC 62.351 -53.68 1.046
2it5 11.291 13.531 1.218 2NQ2 20.003 -8.701 38.807
2it5 11.291 13.531 1.218 2NQ2 -14.944 21.784 26.118
2it5 11.291 13.531 1.218 2O7J 33.375 28.552 77.319
2it5 11.291 13.531 1.218 2it5 11.291 13.531 1.218
2it5 15.369 11.797 -0.491 2it5 15.369 11.797 -0.491
2it5 16.309 11.411 -1.225 2it5 16.309 11.411 -1.225
2it5 14.511 11.004 -0.038 2it5 14.511 11.004 -0.038
2it5 7.3 15.557 1.239 2it5 7.3 15.557 1.239
2it5 7.3 15.557 1.239 3C9H 41.832 -9.333 24.518
2it5 8.211 15.172 4.126 2B4L 22.785 7.958 -4.229
2it5 8.211 15.172 4.126 2it5 8.211 15.172 4.126
2it5 13.576 11.657 5.94 2QJU 11.586 -35.224 -8.793
2it5 13.576 11.657 5.94 2it5 13.576 11.657 5.94
2it5 11.979 11.786 4.14 1IWG 30.315 35.159 334.097
2it5 11.979 11.786 4.14 1VR5 98.428 22.525 103.433
2it5 11.979 11.786 4.14 2O8B -63.771 45.808 31.393
2it5 11.979 11.786 4.14 2Q2A 35.105 10.079 33.048
2it5 11.979 11.786 4.14 2Q2C 8.392 -6.214 1.963
2it5 11.979 11.786 4.14 2it5 11.979 11.786 4.14
2it5 16.035 16.905 5.101 2it5 16.035 16.905 5.101
2it5 15.198 17.185 8.276 2it5 15.198 17.185 8.276
2it5 12.104 15.595 10.887 2it5 12.104 15.595 10.887
2it5 10.316 14.797 9.332 2it5 10.316 14.797 9.332
2it5 8.311 13.915 8.086 2NPK 48.044 8.019 -5.249
2it5 8.311 13.915 8.086 2it5 8.311 13.915 8.086
2it5 7.076 14.311 7.294 1B3L 11.631 7.75 7.285
2it5 7.076 14.311 7.294 1B58 6.767 -5.506 27.121
2it5 7.076 14.311 7.294 1JEU 7.065 -5.868 25.267
2it5 7.076 14.311 7.294 1VFX -14.678 7.811 17.333
2it5 7.076 14.311 7.294 1VH4 -10.119 19.097 -35.55
2it5 7.076 14.311 7.294 1XC1 -20.813 25.836 22.018
2it5 7.076 14.311 7.294 1XC1 1.633 102.653 -23.028
2it5 7.076 14.311 7.294 2BBJ 80.22 6.875 44.592
2it5 7.076 14.311 7.294 2ETV 35.573 120.056 12.258
2it5 7.076 14.311 7.294 2FN9 52.347 -18.462 -17.621
2it5 7.076 14.311 7.294 2HQC 101.89 -71.135 7.964
2it5 7.076 14.311 7.294 2HT2 -50.708 14.322 -55.166
2it5 7.076 14.311 7.294 2I6W 31.85 -39.237 17.743
2it5 7.076 14.311 7.294 2OUK -24.219 30.354 51.55
2it5 7.076 14.311 7.294 2PT1 25.527 4.901 8.819
2it5 7.076 14.311 7.294 2Q2A -5.014 -40.938 53.134
2it5 7.076 14.311 7.294 2YVX 101.85 61.048 196.602
2it5 7.076 14.311 7.294 2it5 7.076 14.311 7.294
2it5 7.076 14.311 7.294 3B9W 16.969 24.94 68.703
2it5 7.076 14.311 7.294 3C6Q -6.645 -26.393 -2.226
2it5 7.076 14.311 7.294 3C6Q -47.132 26.812 52.512
2it5 7.076 14.311 7.294 3C6Q 14.352 -64.068 31.065
2it5 7.076 14.311 7.294 3C6Q -26.264 -11.232 19.152
2it5 7.076 14.311 7.294 3C9H 64.658 8.329 -9.928
2it5 9.072 15.15 8.53 2it5 9.072 15.15 8.53
2it5 6.318 13.127 6.797 1B0U 39.759 45.844 77.913
2it5 6.318 13.127 6.797 1B3G 6.61 -5.962 24.783
2it5 6.318 13.127 6.797 1B5I 6.489 -5.972 24.886
2it5 6.318 13.127 6.797 1B5J -24.611 6.254 13.246
2it5 6.318 13.127 6.797 1G9X 14.038 70.615 -10.772
2it5 6.318 13.127 6.797 1IEO -1.059 -4.302 12.965
2it5 6.318 13.127 6.797 1KPK 6.211 19.062 25.902
2it5 6.318 13.127 6.797 1KPK 63.305 35.169 15.93
2it5 6.318 13.127 6.797 1KPK 6.045 7.105 192.777
2it5 6.318 13.127 6.797 1KPK 63.166 23.18 182.917
2it5 6.318 13.127 6.797 1KPK 24.131 82.012 7.53
2it5 6.318 13.127 6.797 1KPK 81.278 82.706 -11.241
2it5 6.318 13.127 6.797 1L2T 27.589 9.659 63.159
2it5 6.318 13.127 6.797 1NQE -21.002 50.958 2.451
2it5 6.318 13.127 6.797 1OXS -2.464 15.805 37.588
2it5 6.318 13.127 6.797 1OXT 14.399 91.498 -7.256
2it5 6.318 13.127 6.797 1OXU 29.799 68.488 84.063
2it5 6.318 13.127 6.797 1OXV 26.354 68.307 52.909
2it5 6.318 13.127 6.797 1PSZ 30.875 40.537 24.683
2it5 6.318 13.127 6.797 1PW4 31.202 30.253 -35.437
2it5 6.318 13.127 6.797 1PW4 13.027 8.423 -41.431
2it5 6.318 13.127 6.797 1Q1E -16.488 11.744 32.455
2it5 6.318 13.127 6.797 1Q1E 40.367 -51.839 43.286
2it5 6.318 13.127 6.797 1Q1E 53.865 -43.381 55.5
2it5 6.318 13.127 6.797 1R48 -13.14 -10.868 -3.825
2it5 6.318 13.127 6.797 1R8E 60.125 1.24 35.442
2it5 6.318 13.127 6.797 1R8E 70.101 -0.421 54.233
2it5 6.318 13.127 6.797 1RKM -20.952 72.817 12.036
2it5 6.318 13.127 6.797 1VCI 47.299 43.326 2.526
2it5 6.318 13.127 6.797 1VF7 55.561 -40.39 102.836
2it5 6.318 13.127 6.797 1VFZ 23.745 -32.412 -11.857
2it5 6.318 13.127 6.797 1VPL 5.485 32.592 22.909
2it5 6.318 13.127 6.797 1VSQ 9.027 5.106 24.187
2it5 6.318 13.127 6.797 1VSQ 17.688 -14.46 8.098
2it5 6.318 13.127 6.797 1XC1 -56.369 30.629 -18.687
2it5 6.318 13.127 6.797 1Y3N -27.903 -24.09 -6.929
2it5 6.318 13.127 6.797 1Y3P 13.345 -4.085 -8.626
2it5 6.318 13.127 6.797 1Y3Q -16.056 8.204 -38.207
2it5 6.318 13.127 6.797 2B2H -16.6 35.125 10.562
2it5 6.318 13.127 6.797 2B2J -18.035 -35.617 -10.932
2it5 6.318 13.127 6.797 2BBH 31.027 48.669 17.518
2it5 6.318 13.127 6.797 2DHH 102.353 116.333 62.075
2it5 6.318 13.127 6.797 2DHH 172.059 64.531 51.719
2it5 6.318 13.127 6.797 2DHH 157.285 72.642 55.872
2it5 6.318 13.127 6.797 2DHH 155.317 50.198 17.899
2it5 6.318 13.127 6.797 2DR6 204.466 76.771 47.643
2it5 6.318 13.127 6.797 2DR6 112.483 118.808 81.938
2it5 6.318 13.127 6.797 2DR6 160.774 161.251 33.106
2it5 6.318 13.127 6.797 2DR6 173.268 65.083 51.742
2it5 6.318 13.127 6.797 2DRD 171.748 64.693 51.351
2it5 6.318 13.127 6.797 2DRD 156.817 72.908 55.522
2it5 6.318 13.127 6.797 2DRD 154.815 50.435 17.829
2it5 6.318 13.127 6.797 2DVZ 19.319 48.777 25.406
2it5 6.318 13.127 6.797 2DVZ 19.351 12.373 17.812
2it5 6.318 13.127 6.797 2ENK -2.697 -13.34 -28.617
2it5 6.318 13.127 6.797 2ETV 40.151 72.744 0.223
2it5 6.318 13.127 6.797 2EXW 27.198 59.101 27.827
2it5 6.318 13.127 6.797 2GHA 23.283 47.082 163.856
2it5 6.318 13.127 6.797 2H3K -17.15 -11.588 7.677
2it5 6.318 13.127 6.797 2H3K -0.356 13.595 13.3
2it5 6.318 13.127 6.797 2HFB -82.051 29.072 18.054
2it5 6.318 13.127 6.797 2HQC 42.505 -1.991 -19.004
2it5 6.318 13.127 6.797 2HQF 41.988 -60.048 -34.199
2it5 6.318 13.127 6.797 2HQG 42.464 -60.104 -34.601
2it5 6.318 13.127 6.797 2HT3 48.287 13.616 30.607
2it5 6.318 13.127 6.797 2HT3 -14.286 -2.456 11.684
2it5 6.318 13.127 6.797 2HXF 25.193 15.109 58.55
2it5 6.318 13.127 6.797 2HXH 25.193 15.109 58.55
2it5 6.318 13.127 6.797 2I6W 31.65 -85.057 -17.457
2it5 6.318 13.127 6.797 2JZH 118.82 51.187 3.851
2it5 6.318 13.127 6.797 2JZN 9.027 5.106 24.187
2it5 6.318 13.127 6.797 2JZN 17.688 -14.46 8.098
2it5 6.318 13.127 6.797 2JZO 9.277 4.761 24.242
2it5 6.318 13.127 6.797 2JZO 17.521 -14.817 7.939
2it5 6.318 13.127 6.797 2NOW 44.269 6.452 8.083
2it5 6.318 13.127 6.797 2NPG 44.261 6.433 7.999
2it5 6.318 13.127 6.797 2NPJ 44.595 6.597 7.854
2it5 6.318 13.127 6.797 2NPK 44.348 6.498 7.935
2it5 6.318 13.127 6.797 2NS1 1.659 18.5 87.202
2it5 6.318 13.127 6.797 2NUU 25.263 7.139 104.697
2it5 6.318 13.127 6.797 2O1M 79.18 30 9.737
2it5 6.318 13.127 6.797 2O7I -41.84 56.853 10.397
2it5 6.318 13.127 6.797 2O8E -95.06 6.284 36.444
2it5 6.318 13.127 6.797 2O8F -48.361 44.041 18.958
2it5 6.318 13.127 6.797 2OLK 10.994 -43.685 47.169
2it5 6.318 13.127 6.797 2OUK -30.698 2.585 -0.723
2it5 6.318 13.127 6.797 2PCJ -2.026 6.58 -0.842
2it5 6.318 13.127 6.797 2PLI 44.519 11.298 -3.168
2it5 6.318 13.127 6.797 2PS3 -36.172 -1.718 -3.934
2it5 6.318 13.127 6.797 2PS3 -5.923 12.937 7.888
2it5 6.318 13.127 6.797 2PS9 37.915 8.369 51.627
2it5 6.318 13.127 6.797 2PZE -1.677 -15.92 30.629
2it5 6.318 13.127 6.797 2PZF -10.621 -7.852 32.076
2it5 6.318 13.127 6.797 2Q2A 44.338 -14.204 27.997
2it5 6.318 13.127 6.797 2R6G -32.943 28.142 -13.328
2it5 6.318 13.127 6.797 2R6G -24.115 53.924 73.866
2it5 6.318 13.127 6.797 2R9H -31.827 53.557 -8.053
2it5 6.318 13.127 6.797 2RDD -3.176 -48.595 50.263
2it5 6.318 13.127 6.797 2RDD 7.689 -46.189 -7.367
2it5 6.318 13.127 6.797 2Z8D 65.152 18.805 63.886
2it5 6.318 13.127 6.797 2Z8E 42.025 18.923 40.109
2it5 6.318 13.127 6.797 2Z8E 65.317 -18.895 -6.666
2it5 6.318 13.127 6.797 2Z8F 41.747 -18.964 17.349
2it5 6.318 13.127 6.797 2Z8F 65.222 18.677 63.523
2it5 6.318 13.127 6.797 2it5 6.318 13.127 6.797
2it5 6.318 13.127 6.797 3B5J 31.436 14.928 33.324
2it5 6.318 13.127 6.797 3B9Y -11.92 -43.945 -10.793
2it5 6.318 13.127 6.797 3B9Y -9.069 -56.671 -52.858
2it5 6.318 13.127 6.797 3B9Y -7.89 -60.848 -63.146
2it5 6.318 13.127 6.797 3B9Z 6.665 4.795 52.876
2it5 6.318 13.127 6.797 3BHS 4.822 17.864 95.772
2it5 6.318 13.127 6.797 3BHS -2.638 8.305 52.241
2it5 6.318 13.127 6.797 3C6Q 14.112 -65.542 31.011
2it5 6.318 13.127 6.797 3C9H 49.298 20.231 3.589
2it5 11.848 15.631 12.094 2it5 11.848 15.631 12.094
2it5 14.349 14.756 11.283 2it5 14.349 14.756 11.283
2it5 15.507 14.196 10.455 2it5 15.507 14.196 10.455
2it5 16.225 12.579 8.639 2it5 16.225 12.579 8.639
2it5 15.078 13.11 9.482 2QVC 44.455 42.797 91.652
2it5 15.078 13.11 9.482 2it5 15.078 13.11 9.482
2it5 15.408 15.581 13.261 2it5 15.408 15.581 13.261
2it5 17.003 13.397 8.094 2it5 17.003 13.397 8.094
2it5 16.34 11.339 8.511 1IWG 40.924 59.925 257.868
2it5 16.34 11.339 8.511 1R0Y 160.619 19.934 49.291
2it5 16.34 11.339 8.511 2ENK 9.222 -22.653 -31.677
2it5 16.34 11.339 8.511 2HAV -33.416 19.902 -4.73
2it5 16.34 11.339 8.511 2P8Q 20.26 18.278 2.332
2it5 16.34 11.339 8.511 2R5O -14.274 15.395 7.723
2it5 16.34 11.339 8.511 2it5 16.34 11.339 8.511
2it5 13.939 18.924 13.313 2it5 13.939 18.924 13.313
2it5 15.114 18.23 12.642 2it5 15.114 18.23 12.642
2it5 15.924 19.263 11.833 2it5 15.924 19.263 11.833
2it5 17.216 18.62 11.324 2it5 17.216 18.62 11.324
2it5 15.098 19.79 10.673 2it5 15.098 19.79 10.673
2it5 14.014 20.11 13.653 2it5 14.014 20.11 13.653
2it5 10.971 19.801 13.394 2it5 10.971 19.801 13.394
2it5 11.667 18.685 14.147 2it5 11.667 18.685 14.147
2it5 12.857 18.169 13.499 2it5 12.857 18.169 13.499
2it5 10.327 20.656 13.998 2it5 10.327 20.656 13.998
2it5 9.605 20.27 10.17 2it5 9.605 20.27 10.17
2it5 9.308 19.076 10.147 2it5 9.308 19.076 10.147
2it5 6.93 21.049 8.451 2it5 6.93 21.049 8.451
2it5 5.931 20.694 7.367 2it5 5.931 20.694 7.367
2it5 3.708 19.823 7.817 2it5 3.708 19.823 7.817
2it5 4.085 22.009 8.179 2HPG 41.188 81.137 16.225
2it5 4.085 22.009 8.179 2it5 4.085 22.009 8.179
2it5 8.77 20.83 5.702 2it5 8.77 20.83 5.702
2it5 3.261 24.95 5.129 2it5 3.261 24.95 5.129
2it5 0.997 29.543 3.17 1N4D 36.567 0.046 168.166
2it5 0.997 29.543 3.17 1XC1 0.021 29.59 8.923
2it5 0.997 29.543 3.17 2HTK -38.334 44.615 0.497
2it5 0.997 29.543 3.17 2QVC 30.031 40.013 52.969
2it5 0.997 29.543 3.17 2it5 0.997 29.543 3.17
2it5 0.42 30.398 7.187 2it5 0.42 30.398 7.187
2it5 -0.479 28.051 7.269 2it5 -0.479 28.051 7.269
2it5 -0.315 26.713 7.974 2it5 -0.315 26.713 7.974
2it5 0.677 28.966 7.616 2it5 0.677 28.966 7.616
2it5 -0.198 26.893 9.456 2H2P 19.062 11.239 -9.168
2it5 -0.198 26.893 9.456 2H3H -10.869 1.001 107.653
2it5 -0.198 26.893 9.456 2HEU -2.946 109.768 9.225
2it5 -0.198 26.893 9.456 2Z8D 36.055 49.884 48.875
2it5 -0.198 26.893 9.456 2it5 -0.198 26.893 9.456
2it5 -1.143 32.402 5.588 1B58 -23.704 11.435 3.312
2it5 -1.143 32.402 5.588 1VF7 30.559 -29.75 -3.463
2it5 -1.143 32.402 5.588 2it5 -1.143 32.402 5.588
2it5 0.567 34.368 4.83 2aq2 -1.496 32.88 -7.372
2it5 0.567 34.368 4.83 2it5 0.567 34.368 4.83
2it5 0.721 35.169 6.12 2it5 0.721 35.169 6.12
2it5 2.073 35.563 6.291 2it5 2.073 35.563 6.291
2it5 0.583 37.951 1.587 2it5 0.583 37.951 1.587
2it5 0.8 36.099 3.157 2it5 0.8 36.099 3.157
2it5 2.773 40.715 7.435 2it5 2.773 40.715 7.435
2it5 2.769 40.101 6.047 2it5 2.769 40.101 6.047
2it5 6.186 37.714 4.139 2it5 6.186 37.714 4.139
2it5 2.097 40.165 8.338 1GAJ -15.607 38.823 87.022
2it5 2.097 40.165 8.338 1OXU -24.593 9.956 54.097
2it5 2.097 40.165 8.338 1Y3Q -19.57 17.447 -41.881
2it5 2.097 40.165 8.338 2EXW 43.153 34.817 -18.193
2it5 2.097 40.165 8.338 2FEE 12.079 8.232 31.767
2it5 2.097 40.165 8.338 2Q5D -72.152 6.212 -27.468
2it5 2.097 40.165 8.338 2it5 2.097 40.165 8.338
2it5 2.097 40.165 8.338 3C9H 53.221 -17.975 32.518
2it5 3.467 41.745 7.62 1OXT -25.503 111.182 33.025
2it5 3.467 41.745 7.62 1PQ4 13.222 -9.897 8.373
2it5 3.467 41.745 7.62 1R0W 133.718 -2.703 101.197
2it5 3.467 41.745 7.62 1XT8 41.841 56.61 -3.04
2it5 3.467 41.745 7.62 2A02 -4.276 16.985 -4.5
2it5 3.467 41.745 7.62 2DVZ 38.283 28.903 10.125
2it5 3.467 41.745 7.62 2EZ0 -9.642 -4.788 28.333
2it5 3.467 41.745 7.62 2PLI 37.13 -22.454 33.5
2it5 3.467 41.745 7.62 2QRY 25.667 54.547 91.51
2it5 3.467 41.745 7.62 2R6G -31.749 11.619 3.095
2it5 3.467 41.745 7.62 2it5 3.467 41.745 7.62
2it5 3.467 41.745 7.62 2zcp 51.738 28.694 24.089
2it5 3.467 41.745 7.62 3B9Y -1.452 -42.023 12.015
2it5 3.467 41.745 7.62 3C6Q -12.536 6.421 14.888
2it5 5.207 31.555 6.455 1J6T 11.746 15.324 7.106
2it5 5.207 31.555 6.455 2EZ0 14.987 65.623 -7.739
2it5 5.207 31.555 6.455 2it5 5.207 31.555 6.455
2it5 3.96 31.612 6.55 1N4A 50.981 15.52 -9.331
2it5 3.96 31.612 6.55 2it5 3.96 31.612 6.55
2it5 6.333 35.011 -2.856 2it5 6.333 35.011 -2.856
2it5 7.242 38.092 0.665 2it5 7.242 38.092 0.665
2it5 6.592 39.404 1.1 2FEE 24.104 66.515 -17.646
2it5 6.592 39.404 1.1 2HT4 -20.44 -20.228 49.803
2it5 6.592 39.404 1.1 2it5 6.592 39.404 1.1
2it5 5.213 39.594 0.501 2it5 5.213 39.594 0.501
2it5 4.246 39.932 1.346 2it5 4.246 39.932 1.346
2it5 9.625 38.37 0.645 2it5 9.625 38.37 0.645
2it5 5.02 39.444 -0.708 2it5 5.02 39.444 -0.708
2it5 9.98 37.36 3.194 2it5 9.98 37.36 3.194
2it5 9.72 37.086 4.682 2it5 9.72 37.086 4.682
2it5 11.731 37.712 6.051 2it5 11.731 37.712 6.051
2it5 12.877 37.38 6.767 1B46 16.951 3.536 1.677
2it5 12.877 37.38 6.767 1B4Z 16.974 3.592 1.764
2it5 12.877 37.38 6.767 1JET 16.746 3.539 1.945
2it5 12.877 37.38 6.767 2it5 12.877 37.38 6.767
2it5 8.705 37.506 2.503 2it5 8.705 37.506 2.503
2it5 9.568 35.825 -2.526 2it5 9.568 35.825 -2.526
2it5 9.678 35.886 -4.035 2it5 9.678 35.886 -4.035
2it5 13.271 37.855 -1.17 2it5 13.271 37.855 -1.17
2it5 13.057 39.029 -0.21 2it5 13.057 39.029 -0.21
2it5 14.546 40.537 -1.514 2it5 14.546 40.537 -1.514
2it5 13.929 41.126 0.849 2NS1 -9.498 -13.059 127.742
2it5 13.929 41.126 0.849 2QFI 0.025 15.961 63.318
2it5 13.929 41.126 0.849 2it5 13.929 41.126 0.849
2it5 13.929 41.126 0.849 2it5 17.745 27.12 -11.325
2it5 14.242 39.992 -0.123 2it5 14.242 39.992 -0.123
2it5 12.116 36.971 -1.146 2it5 12.116 36.971 -1.146
2it5 15.498 34.793 1.928 2it5 15.498 34.793 1.928
2it5 14.389 37.893 3.428 2it5 14.389 37.893 3.428
2it5 17.337 34.515 -0.803 2it5 17.337 34.515 -0.803
2it5 16.495 37.098 3.487 2it5 16.495 37.098 3.487
2it5 15.414 33.018 -2.145 2it5 15.414 33.018 -2.145
2it5 15.163 33.979 -1.078 2it5 15.163 33.979 -1.078
2it5 16.882 33.09 -4.034 2it5 16.882 33.09 -4.034
2it5 17.346 35.911 -4.789 2it5 17.346 35.911 -4.789
2it5 15.926 35.419 -5.041 2it5 15.926 35.419 -5.041
2it5 15.022 36.58 -5.482 2it5 15.022 36.58 -5.482
2it5 18.188 35.899 -5.693 2it5 18.188 35.899 -5.693
2it5 14.968 37.608 -4.511 2it5 14.968 37.608 -4.511
2it5 18.959 36.798 -3.223 2it5 18.959 36.798 -3.223
2it5 18.996 37.442 -1.827 2it5 18.996 37.442 -1.827
2it5 21.196 38.653 -2.263 2it5 21.196 38.653 -2.263
2it5 20.411 37.738 -1.307 2it5 20.411 37.738 -1.307
2it5 21.023 41.017 -1.54 1N4A 25.51 33.701 -22.509
2it5 21.023 41.017 -1.54 1N4D 17.347 18.864 26.91
2it5 21.023 41.017 -1.54 1Y3P -13.604 12.081 -8.942
2it5 21.023 41.017 -1.54 1Z47 -1.718 4.829 34.476
2it5 21.023 41.017 -1.54 2FEE 67.494 -3.848 22.849
2it5 21.023 41.017 -1.54 2FGJ 19.503 -5.953 20.868
2it5 21.023 41.017 -1.54 2O8E -72.058 72.097 50.803
2it5 21.023 41.017 -1.54 2O8E -57.377 91.841 14.05
2it5 21.023 41.017 -1.54 2O8F -71.019 71.85 51.099
2it5 21.023 41.017 -1.54 2ONK -29.138 -11.564 -17.785
2it5 21.023 41.017 -1.54 2ONK -17.54 117.785 -106.529
2it5 21.023 41.017 -1.54 2ONK 23.368 131.839 -69.466
2it5 21.023 41.017 -1.54 2YVX 68.726 40.506 168.218
2it5 21.023 41.017 -1.54 2YVX 92.886 -38.895 292.519
2it5 21.023 41.017 -1.54 2YVZ -10.468 -136.167 -103.703
2it5 21.023 41.017 -1.54 2YYZ 16.312 32.18 27.025
2it5 21.023 41.017 -1.54 2it5 21.023 41.017 -1.54
2it5 21.023 41.017 -1.54 3B5J 42.221 -6.972 14.826
2it5 21.023 41.017 -1.54 3ci8 -6.054 23.271 23.462
2it5 20.647 40.01 -2.329 1R0X 152.518 2.088 8.449
2it5 20.647 40.01 -2.329 2FEE 56.769 -2.394 51.722
2it5 20.647 40.01 -2.329 2HPG 25.469 56.273 0.575
2it5 20.647 40.01 -2.329 2YVZ -47.611 -72.655 -39.696
2it5 20.647 40.01 -2.329 2it5 20.647 40.01 -2.329
2it5 20.647 40.01 -2.329 3B9Y -0.929 -46.919 -46.66
2it5 20.647 40.01 -2.329 3BMZ -10.616 31.291 2.256
2it5 21.96 40.837 -0.616 1F3O 68.365 41.439 5.215
2it5 21.96 40.837 -0.616 1G29 98.706 -13.885 51.632
2it5 21.96 40.837 -0.616 1G29 174.259 9.269 25.305
2it5 21.96 40.837 -0.616 1G29 175.121 7.959 23.608
2it5 21.96 40.837 -0.616 1G9X 17.51 94.535 27.003
2it5 21.96 40.837 -0.616 1IWG 18.408 49.213 322.138
2it5 21.96 40.837 -0.616 1KJV 15.21 -7.428 31.652
2it5 21.96 40.837 -0.616 1KJV 15.277 -6.659 29.482
2it5 21.96 40.837 -0.616 1KPK 55.604 12.621 1.687
2it5 21.96 40.837 -0.616 1KPK 13.944 16.295 -0.64
2it5 21.96 40.837 -0.616 1KPK 55.306 0.985 168.214
2it5 21.96 40.837 -0.616 1KPK 13.654 4.888 166.147
2it5 21.96 40.837 -0.616 1KPK 73.22 57.999 -1.481
2it5 21.96 40.837 -0.616 1KPK 31.576 58.859 -5.906
2it5 21.96 40.837 -0.616 1L2T 9.741 5.361 22.061
2it5 21.96 40.837 -0.616 1L7V 69.971 19.156 51.963
2it5 21.96 40.837 -0.616 1LR0 32.157 33.722 46.528
2it5 21.96 40.837 -0.616 1MT0 67.047 73.837 -5.795
2it5 21.96 40.837 -0.616 1N2Z 19.502 55.384 68.434
2it5 21.96 40.837 -0.616 1Q3H 171.268 10.026 8.909
2it5 21.96 40.837 -0.616 1R0Y 171.305 10.498 8.392
2it5 21.96 40.837 -0.616 1R0Y 95.273 -29.892 14.493
2it5 21.96 40.837 -0.616 1R10 152.544 -0.6 233.753
2it5 21.96 40.837 -0.616 1R48 -8.3 -22.996 12.819
2it5 21.96 40.837 -0.616 1R48 21.402 17.004 4.25
2it5 21.96 40.837 -0.616 1T16 -24.781 33.581 58.369
2it5 21.96 40.837 -0.616 1TLW -3.663 105.935 -10.13
2it5 21.96 40.837 -0.616 1TLY -6.002 106.272 -10.112
2it5 21.96 40.837 -0.616 1TLY -3.703 106.384 -10.131
2it5 21.96 40.837 -0.616 1TLZ -4.026 106.494 -9.647
2it5 21.96 40.837 -0.616 1TOA 38.978 12.84 38.002
2it5 21.96 40.837 -0.616 1TOA -6.763 40.532 34.043
2it5 21.96 40.837 -0.616 1U77 64.927 7.071 68.69
2it5 21.96 40.837 -0.616 1U7C 64.485 9.072 68.862
2it5 21.96 40.837 -0.616 1U7C 64.596 6.814 68.469
2it5 21.96 40.837 -0.616 1U7G 64.989 -9.826 -68.542
2it5 21.96 40.837 -0.616 1U7G 65.65 -7.732 -67.877
2it5 21.96 40.837 -0.616 1VFW -13.998 32.466 -2.956
2it5 21.96 40.837 -0.616 1VFZ 30.818 -19.224 -3.098
2it5 21.96 40.837 -0.616 1VKR 323.092 224.705 170.809
2it5 21.96 40.837 -0.616 1VKR 321.355 225.121 172.203
2it5 21.96 40.837 -0.616 1VRV 113.366 -10.559 -12.015
2it5 21.96 40.837 -0.616 1VRV 123.092 24.704 -29.19
2it5 21.96 40.837 -0.616 1VRV 121.356 25.121 -27.797
2it5 21.96 40.837 -0.616 1VSQ 17.961 40.432 4.573
2it5 21.96 40.837 -0.616 1XC1 -50.207 33.849 -33.869
2it5 21.96 40.837 -0.616 1XC1 77.92 -15.032 36.816
2it5 21.96 40.837 -0.616 1XC1 75.955 -14.951 38
2it5 21.96 40.837 -0.616 1XC1 7.367 -62.368 34.15
2it5 21.96 40.837 -0.616 1XEF 21.17 71.651 -23.148
2it5 21.96 40.837 -0.616 1Z47 -2.575 5.276 35.388
2it5 21.96 40.837 -0.616 1ezf -22.377 49.971 28.17
2it5 21.96 40.837 -0.616 2D5W 2.895 49.266 44.22
2it5 21.96 40.837 -0.616 2D5W 1.231 14.234 69.899
2it5 21.96 40.837 -0.616 2DHH 90.62 129.682 40.321
2it5 21.96 40.837 -0.616 2DHH 132.867 117.294 103.263
2it5 21.96 40.837 -0.616 2DR6 89.55 137.938 50.672
2it5 21.96 40.837 -0.616 2E30 -28 -5.988 5.342
2it5 21.96 40.837 -0.616 2E30 22.53 11.711 6.644
2it5 21.96 40.837 -0.616 2E30 17.333 -0.476 10.826
2it5 21.96 40.837 -0.616 2ENK -10.857 -8.364 -26.281
2it5 21.96 40.837 -0.616 2ENK -23.931 -16.341 -29.246
2it5 21.96 40.837 -0.616 2EZ0 65.92 -1.786 49.439
2it5 21.96 40.837 -0.616 2FED -24.829 -26.459 -60.026
2it5 21.96 40.837 -0.616 2FEE 24.948 -26.302 59.631
2it5 21.96 40.837 -0.616 2FEE -4.676 30.048 31.643
2it5 21.96 40.837 -0.616 2FEW 112.546 32.441 -20.399
2it5 21.96 40.837 -0.616 2FEW 110.897 31.933 -18.933
2it5 21.96 40.837 -0.616 2FGJ 19.295 -6.013 19.558
2it5 21.96 40.837 -0.616 2FGK 18.538 -14.038 6.559
2it5 21.96 40.837 -0.616 2FGK -42.108 -36.666 6.519
2it5 21.96 40.837 -0.616 2GFP -30.497 -14.479 45.909
2it5 21.96 40.837 -0.616 2GFP 14.022 -31.16 42.879
2it5 21.96 40.837 -0.616 2GFP 60.964 14.314 45.606
2it5 21.96 40.837 -0.616 2H2P -36.604 -31.569 -4.739
2it5 21.96 40.837 -0.616 2H2P -56.8 15.213 -64.142
2it5 21.96 40.837 -0.616 2HPG 23.377 93.85 13.553
2it5 21.96 40.837 -0.616 2HQC 41.162 -64.572 -75.89
2it5 21.96 40.837 -0.616 2HQC 17.913 -36.034 -24.065
2it5 21.96 40.837 -0.616 2HQF 58.311 -66.605 26.552
2it5 21.96 40.837 -0.616 2HQF 17.694 -36.222 -24.091
2it5 21.96 40.837 -0.616 2HQG 17.479 -35.966 -23.788
2it5 21.96 40.837 -0.616 2HT2 -23.052 -27.517 -58.672
2it5 21.96 40.837 -0.616 2HT4 -68.931 3.619 23.548
2it5 21.96 40.837 -0.616 2HT4 -35.693 31.121 5.219
2it5 21.96 40.837 -0.616 2HT4 -25.538 26.42 59.884
2it5 21.96 40.837 -0.616 2HTL -23.975 -27.5 -59.339
2it5 21.96 40.837 -0.616 2HXF 55.62 64.394 48.057
2it5 21.96 40.837 -0.616 2HXH 60.95 68.722 51.022
2it5 21.96 40.837 -0.616 2IUB -6.435 -19.298 72.929
2it5 21.96 40.837 -0.616 2J9L 32.81 57.062 82.205
2it5 21.96 40.837 -0.616 2JZN 17.961 40.432 4.573
2it5 21.96 40.837 -0.616 2JZO 16.395 38.298 -2.289
2it5 21.96 40.837 -0.616 2NPE 54.085 6.375 -8.538
2it5 21.96 40.837 -0.616 2NPE 55.323 5.747 -10.35
2it5 21.96 40.837 -0.616 2NPJ 56.326 9.331 -6.927
2it5 21.96 40.837 -0.616 2NQ2 43.301 -12.324 45.986
2it5 21.96 40.837 -0.616 2NQW 2.746 26.511 21.945
2it5 21.96 40.837 -0.616 2NQW 2.325 27.361 24.028
2it5 21.96 40.837 -0.616 2NS1 -10.293 -8.571 142.656
2it5 21.96 40.837 -0.616 2NS1 -11.555 -9.562 141.027
2it5 21.96 40.837 -0.616 2NUU 31.864 36.928 -18.284
2it5 21.96 40.837 -0.616 2O8B -6.631 39.939 43.188
2it5 21.96 40.837 -0.616 2O8E -73.072 72.952 50.812
2it5 21.96 40.837 -0.616 2O8E -76.475 44.455 10.107
2it5 21.96 40.837 -0.616 2O8F -54.902 92.914 13.182
2it5 21.96 40.837 -0.616 2OLJ 18.587 -0.156 -7.361
2it5 21.96 40.837 -0.616 2ONK -17.437 14.843 29.83
2it5 21.96 40.837 -0.616 2ONK -6.519 6.609 24.888
2it5 21.96 40.837 -0.616 2ONK -28.431 -10.456 -17.603
2it5 21.96 40.837 -0.616 2ONK -39.841 -10.699 -8.255
2it5 21.96 40.837 -0.616 2ONK -17.614 117.705 -105.208
2it5 21.96 40.837 -0.616 2ONK -4.109 114.583 -109.708
2it5 21.96 40.837 -0.616 2ONK 22.847 130.641 -69.689
2it5 21.96 40.837 -0.616 2ONK 12.39 140.539 -70.319
2it5 21.96 40.837 -0.616 2ONS -9.472 16.139 45.651
2it5 21.96 40.837 -0.616 2OV1 1.48 -14.819 -1.213
2it5 21.96 40.837 -0.616 2PLI 15.369 18.277 27.784
2it5 21.96 40.837 -0.616 2PLI 49.687 -19.722 17.409
2it5 21.96 40.837 -0.616 2PLS 69.102 46.161 47.133
2it5 21.96 40.837 -0.616 2Q6H 44.915 46.016 12.638
2it5 21.96 40.837 -0.616 2QB4 24.489 46.088 49.56
2it5 21.96 40.837 -0.616 2QDZ 50.602 48.415 3.632
2it5 21.96 40.837 -0.616 2QEI 42.376 45.738 6.317
2it5 21.96 40.837 -0.616 2QI9 49.375 65.455 76.9
2it5 21.96 40.837 -0.616 2QI9 29.547 50.853 21.829
2it5 21.96 40.837 -0.616 2QJU 49.569 14.817 -19.513
2it5 21.96 40.837 -0.616 2QNA -49.71 -22.336 -36.868
2it5 21.96 40.837 -0.616 2QNA -26.76 -21.322 -60.72
2it5 21.96 40.837 -0.616 2QNA -14.307 -2.538 -79.813
2it5 21.96 40.837 -0.616 2QRY 11.362 79.972 122.301
2it5 21.96 40.837 -0.616 2QRY 7.824 67.35 48.033
2it5 21.96 40.837 -0.616 2R6G -21.628 -3.296 -21.767
2it5 21.96 40.837 -0.616 2R6G -22.181 -2.91 -19.573
2it5 21.96 40.837 -0.616 2R6G -27.263 3.75 26.513
2it5 21.96 40.837 -0.616 2R8D 36.761 32.005 10.305
2it5 21.96 40.837 -0.616 2R9H -47.854 -17.346 -49.853
2it5 21.96 40.837 -0.616 2R9H -11.911 29.194 -5.151
2it5 21.96 40.837 -0.616 2RDD -5.14 -46.55 6.274
2it5 21.96 40.837 -0.616 2YVX 69.001 39.59 167.292
2it5 21.96 40.837 -0.616 2YVX 67.515 40.57 168.768
2it5 21.96 40.837 -0.616 2YVX 105.589 78.821 204.248
2it5 21.96 40.837 -0.616 2YVX 79.666 69.853 177.479
2it5 21.96 40.837 -0.616 2YVX 129.389 -4.552 254.001
2it5 21.96 40.837 -0.616 2YVX 127.446 -23.111 270.345
2it5 21.96 40.837 -0.616 2YVX 120.512 -27.617 283.76
2it5 21.96 40.837 -0.616 2YVX 108.524 -28.943 299.747
2it5 21.96 40.837 -0.616 2YVY -8.64 -37.391 13.843
2it5 21.96 40.837 -0.616 2YVY -36.641 -16.61 1.661
2it5 21.96 40.837 -0.616 2YVY -22.555 7.133 -4.706
2it5 21.96 40.837 -0.616 2YVZ -11.001 -135.177 -104.406
2it5 21.96 40.837 -0.616 2YVZ -16.697 -87.927 -85.109
2it5 21.96 40.837 -0.616 2aq2 -38.04 37.255 -15.024
2it5 21.96 40.837 -0.616 2it5 21.96 40.837 -0.616
2it5 21.96 40.837 -0.616 2per -12.342 24.11 22.954
2it5 21.96 40.837 -0.616 3BK7 1.702 27.545 -7.585
2it5 21.96 40.837 -0.616 3BMZ -12.357 29.784 2.026
2it5 20.452 42.208 -1.669 1KJM 46.771 22.729 27.492
2it5 20.452 42.208 -1.669 1KPK -3.69 25.958 14.916
2it5 20.452 42.208 -1.669 1KPK 73.132 22.239 17.527
2it5 20.452 42.208 -1.669 1KPK -3.871 14.281 181.988
2it5 20.452 42.208 -1.669 1KPK 72.943 10.178 184.186
2it5 20.452 42.208 -1.669 1KPK 14.189 77.358 -4.544
2it5 20.452 42.208 -1.669 1KPK 90.995 76.221 0.151
2it5 20.452 42.208 -1.669 1L2T 9.446 5.455 19.784
2it5 20.452 42.208 -1.669 1MT0 60.245 93.679 20.149
2it5 20.452 42.208 -1.669 1MT0 76.759 92.513 20.836
2it5 20.452 42.208 -1.669 1N2Z 21.607 54.914 69.228
2it5 20.452 42.208 -1.669 1N4D 33.997 22.854 193.464
2it5 20.452 42.208 -1.669 1R0W 170.688 9.899 22.971
2it5 20.452 42.208 -1.669 1R0W 171.266 9.555 9.085
2it5 20.452 42.208 -1.669 1R0Z 133.669 -27.142 48.703
2it5 20.452 42.208 -1.669 1TLZ -58.919 54.431 -4.48
2it5 20.452 42.208 -1.669 1VFX -13.012 39.03 2.796
2it5 20.452 42.208 -1.669 1VKR 313.367 189.44 187.983
2it5 20.452 42.208 -1.669 1XEF -15.857 -21.263 2.707
2it5 20.452 42.208 -1.669 1ezf 0.958 59.657 11.585
2it5 20.452 42.208 -1.669 1ezf -36.533 80.174 82.419
2it5 20.452 42.208 -1.669 2BBH 45.543 -2.062 20.861
2it5 20.452 42.208 -1.669 2D5W -21.059 30.711 46.609
2it5 20.452 42.208 -1.669 2ENK -31.353 -6.072 -20.062
2it5 20.452 42.208 -1.669 2EXW 19.625 4.105 37.201
2it5 20.452 42.208 -1.669 2EZ0 46.627 -31.57 24.486
2it5 20.452 42.208 -1.669 2FEE 48.319 13.067 70.731
2it5 20.452 42.208 -1.669 2FEW 122.392 18.405 -16.593
2it5 20.452 42.208 -1.669 2GFP -32.453 -15.685 30.121
2it5 20.452 42.208 -1.669 2GFP 62.717 15.609 29.804
2it5 20.452 42.208 -1.669 2GFP 18.683 30.628 43.098
2it5 20.452 42.208 -1.669 2HMT 123.567 21.062 42.638
2it5 20.452 42.208 -1.669 2HQC 58.499 -66.545 26.441
2it5 20.452 42.208 -1.669 2HQD 58.498 -66.429 26.305
2it5 20.452 42.208 -1.669 2HQD 17.402 -36.069 -23.983
2it5 20.452 42.208 -1.669 2HQF 41.97 -64.594 -75.948
2it5 20.452 42.208 -1.669 2HQF 29.566 -36.944 1.235
2it5 20.452 42.208 -1.669 2HQG 41.841 -64.539 -75.859
2it5 20.452 42.208 -1.669 2HQG 32.131 -24.452 -12.053
2it5 20.452 42.208 -1.669 2HT3 37.479 13.51 17.711
2it5 20.452 42.208 -1.669 2HXF 22.481 56.421 103.738
2it5 20.452 42.208 -1.669 2HXH 22.481 56.421 103.738
2it5 20.452 42.208 -1.669 2J9L 24.309 80.007 52.485
2it5 20.452 42.208 -1.669 2NUU 1.37 24.283 157.406
2it5 20.452 42.208 -1.669 2O8F -6.939 38.891 41.997
2it5 20.452 42.208 -1.669 2OGW 32.148 100.199 12.085
2it5 20.452 42.208 -1.669 2ONK 0.634 -23.986 3.443
2it5 20.452 42.208 -1.669 2ONK -21.225 -39.959 4.906
2it5 20.452 42.208 -1.669 2ONR 2.395 16.517 55.763
2it5 20.452 42.208 -1.669 2ONR 28.392 8.501 51.027
2it5 20.452 42.208 -1.669 2ONS 28.478 8.421 51.304
2it5 20.452 42.208 -1.669 2OV3 8.618 -2.565 12.286
2it5 20.452 42.208 -1.669 2OV3 3.252 -15.6 -1.531
2it5 20.452 42.208 -1.669 2P0S 29.059 58.955 8.14
2it5 20.452 42.208 -1.669 2P13 -5.563 13.772 -12.772
2it5 20.452 42.208 -1.669 2PCJ -13.199 15.991 62.223
2it5 20.452 42.208 -1.669 2PLI 48.875 -18.538 19.198
2it5 20.452 42.208 -1.669 2PLS 109.861 4.197 74.14
2it5 20.452 42.208 -1.669 2Q72 26.5 45.242 49.185
2it5 20.452 42.208 -1.669 2Q72 7.467 24.145 43.144
2it5 20.452 42.208 -1.669 2QEI 8.074 24.37 43.176
2it5 20.452 42.208 -1.669 2QFI 28.819 -21.714 60.291
2it5 20.452 42.208 -1.669 2QFI 13.788 -37.965 53.019
2it5 20.452 42.208 -1.669 2QI9 16.576 19.131 54.41
2it5 20.452 42.208 -1.669 2QJU -1.256 12.154 -11.909
2it5 20.452 42.208 -1.669 2R9H -50.067 -16.746 -49.749
2it5 20.452 42.208 -1.669 2YVX 106.845 76.905 204.386
2it5 20.452 42.208 -1.669 2YVY -6.926 -36.549 15.149
2it5 20.452 42.208 -1.669 2YVZ -55.782 -91.843 -27.84
2it5 20.452 42.208 -1.669 2YYZ 21.485 -30.268 -32.289
2it5 20.452 42.208 -1.669 2it5 20.452 42.208 -1.669
2it5 20.452 42.208 -1.669 3B60 89.196 -33.069 140.529
2it5 21 35.684 -3.79 2it5 21 35.684 -3.79
2it5 20.276 33.273 -2.657 2it5 20.276 33.273 -2.657
2it5 19.537 32.129 -1.949 2it5 19.537 32.129 -1.949
2it5 21.639 32.152 -4.289 2it5 21.639 32.152 -4.289
2it5 18.486 31.61 -2.755 2it5 18.486 31.61 -2.755
2it5 20.116 31.308 -6.49 2it5 20.116 31.308 -6.49
2it5 20.035 32.836 -6.419 2it5 20.035 32.836 -6.419
2it5 21.342 33.451 -6.904 2it5 21.342 33.451 -6.904
2it5 21.275 33.877 -8.346 2NWW 34.849 21.103 34.613
2it5 21.275 33.877 -8.346 2OLJ 9.607 32.93 29.861
2it5 21.275 33.877 -8.346 2it5 21.275 33.877 -8.346
2it5 21.428 35.176 -8.585 1MV5 26.18 64.359 67.495
2it5 21.428 35.176 -8.585 2Z22 29.504 5.701 92.282
2it5 21.428 35.176 -8.585 2it5 21.428 35.176 -8.585
2it5 20.996 30.745 -7.151 2it5 20.996 30.745 -7.151
2it5 21.079 33.053 -9.241 1ATG 9.958 22.093 -5.493
2it5 21.079 33.053 -9.241 2FED -26.357 67.957 17.527
2it5 21.079 33.053 -9.241 2Q2C 22.413 1.758 -29.677
2it5 21.079 33.053 -9.241 2it5 21.079 33.053 -9.241
2it5 19.135 29.19 -5.734 2it5 19.135 29.19 -5.734
2it5 21.442 28.464 -2.677 2it5 21.442 28.464 -2.677
2it5 21.136 28.873 -4.113 2it5 21.136 28.873 -4.113
2it5 23.391 27.778 -1.317 2it5 23.391 27.778 -1.317
2it5 22.854 28.142 -2.482 2it5 22.854 28.142 -2.482
2it5 22.634 27.694 -0.227 2it5 22.634 27.694 -0.227
2it5 24.686 27.481 -1.245 2it5 24.686 27.481 -1.245
2it5 16.77 29.294 -5.351 2it5 16.77 29.294 -5.351
2it5 16.173 26.098 -8.014 2it5 16.173 26.098 -8.014
2it5 17.478 26.429 -10.138 2it5 17.478 26.429 -10.138
2it5 17.745 27.12 -11.325 2NS1 -9.498 -13.059 127.742
2it5 17.745 27.12 -11.325 2QFI 0.025 15.961 63.318
2it5 17.745 27.12 -11.325 2it5 13.929 41.126 0.849
2it5 17.745 27.12 -11.325 2it5 17.745 27.12 -11.325
2it5 15.914 28.611 -10.854 2it5 15.914 28.611 -10.854
2it5 16.96 28.214 -11.68 2it5 16.96 28.214 -11.68
2it5 17.515 27.596 -6.617 2it5 17.515 27.596 -6.617
2it5 15.841 27.677 -2.581 2YVZ -41.222 -73.912 -27.295
2it5 15.841 27.677 -2.581 2it5 15.841 27.677 -2.581
2it5 0.203 19.571 -4.472 2it5 0.203 19.571 -4.472
2it5 2.506 17.745 -3.542 2HEU 10.222 110.083 34.486
2it5 2.506 17.745 -3.542 2it5 2.506 17.745 -3.542
2it5 -0.072 19.382 -10.574 2it5 -0.072 19.382 -10.574
2it5 1.998 14.373 -5.709 2it5 1.998 14.373 -5.709
2it5 4.262 14.593 -4.674 2it5 4.262 14.593 -4.674
2it5 4.019 13.79 -7.038 2it5 4.019 13.79 -7.038
2it5 -0.445 13.143 -7.582 1QKC 79.92 86.811 52.75
2it5 -0.445 13.143 -7.582 2it5 -0.445 13.143 -7.582
2it5 -2.308 13.393 -5.597 2it5 -2.308 13.393 -5.597
2it5 -2.936 13.546 -4.21 2it5 -2.936 13.546 -4.21
2it5 -2.03 13.03 -3.105 2it5 -2.03 13.03 -3.105
2it5 -1.105 14.208 -5.711 2it5 -1.105 14.208 -5.711
2it5 -2.057 13.699 -1.956 2it5 -2.057 13.699 -1.956
2it5 -3.999 12.773 -7.167 2it5 -3.999 12.773 -7.167
2it5 -1.319 12.03 -3.279 2it5 -1.319 12.03 -3.279
2it5 -5.783 15.691 -7.445 2it5 -5.783 15.691 -7.445
2it5 -7.173 14.033 -8.773 2it5 -7.173 14.033 -8.773
2it5 -6.967 15.494 -8.379 2it5 -6.967 15.494 -8.379
2it5 -3.482 14.952 -7.045 2it5 -3.482 14.952 -7.045
2it5 -6.625 13.116 -7.978 2it5 -6.625 13.116 -7.978
2it5 -7.826 13.736 -9.774 2P0S 54.662 44.625 11.817
2it5 -7.826 13.736 -9.774 2it5 -7.826 13.736 -9.774
2it5 -2.852 16.409 -12.51 2it5 -2.852 16.409 -12.51
2it5 -2.247 17.278 -13.608 2it5 -2.247 17.278 -13.608
2it5 -3.522 16.108 -10.175 2it5 -3.522 16.108 -10.175
2it5 -4.998 18.295 -11.434 2it5 -4.998 18.295 -11.434
2it5 -0.493 18.891 -13.646 2HQC 44.875 -53.902 25.25
2it5 -0.493 18.891 -13.646 2QI9 54.528 25.594 38.926
2it5 -0.493 18.891 -13.646 2it5 -0.493 18.891 -13.646
2it5 -4.249 21.293 -9.797 2it5 -4.249 21.293 -9.797
2it5 -3.788 20.759 -11.138 2it5 -3.788 20.759 -11.138
2it5 -4.459 22.499 -9.639 2it5 -4.459 22.499 -9.639
2it5 -4.852 20.785 -7.496 2it5 -4.852 20.785 -7.496
2it5 -6.324 20.18 -5.551 2it5 -6.324 20.18 -5.551
2it5 -3.23 19.807 -6.027 2it5 -3.23 19.807 -6.027
2it5 -7.041 19.803 -7.817 2it5 -7.041 19.803 -7.817
2it5 -1.307 23.58 -8.31 2it5 -1.307 23.58 -8.31
2it5 -3.18 22.045 -6.267 2it5 -3.18 22.045 -6.267
2it5 -0.469 23.22 -9.341 2it5 -0.469 23.22 -9.341
2it5 -3.202 23.022 -3.425 2it5 -3.202 23.022 -3.425
2it5 -2.631 19.818 -1.517 2it5 -2.631 19.818 -1.517
2it5 -3.25 17.902 0.002 2it5 -3.25 17.902 0.002
2it5 -3.551 17.31 -1.154 2it5 -3.551 17.31 -1.154
2it5 0.369 20.667 -1.34 2DHH 178.669 96.648 36.245
2it5 0.369 20.667 -1.34 2it5 0.369 20.667 -1.34
2it5 -3.361 17.328 1.092 2it5 -3.361 17.328 1.092
2it5 -0.683 26.409 0.85 2it5 -0.683 26.409 0.85
2it5 -0.264 19.868 1.867 2it5 -0.264 19.868 1.867
2it5 2.134 19.073 2.916 2it5 2.134 19.073 2.916
2it5 3.629 18.824 3.14 2it5 3.629 18.824 3.14
2it5 4.327 18.667 1.803 2it5 4.327 18.667 1.803
2it5 4.231 19.965 3.945 2it5 4.231 19.965 3.945
2it5 1.263 17.791 4.734 2GHB 44.605 25.701 15.578
2it5 1.263 17.791 4.734 2it5 1.263 17.791 4.734
2it5 0.322 19.942 6.147 2it5 0.322 19.942 6.147
2it5 0.297 21.314 6.829 2it5 0.297 21.314 6.829
2it5 -1.791 19.01 6.825 2it5 -1.791 19.01 6.825
2it5 -0.959 23.34 6.712 2it5 -0.959 23.34 6.712
2it5 -3.712 20.231 3.764 2it5 -3.712 20.231 3.764
2it5 -2.866 19.086 4.285 2it5 -2.866 19.086 4.285
2it5 -4.676 20.015 3.032 2it5 -4.676 20.015 3.032
2it5 -4.064 22.649 3.724 2it5 -4.064 22.649 3.724
2it5 -3.464 23.888 4.405 2it5 -3.464 23.888 4.405
2it5 -3.347 21.452 4.145 2it5 -3.347 21.452 4.145
2it5 -4.067 25.09 3.939 2it5 -4.067 25.09 3.939
2it5 -6.552 23.454 -0.173 2D3W 17.472 -8.871 47.598
2it5 -6.552 23.454 -0.173 2OGW 26.052 65.422 -6.814
2it5 -6.552 23.454 -0.173 2PS3 -4.126 -7.335 8.22
2it5 -6.552 23.454 -0.173 2it5 -6.552 23.454 -0.173
2it5 -6.406 23.552 2.183 1ezf -25.62 76.777 49.039
2it5 -6.406 23.552 2.183 2QJU 17.534 -22.472 -14.694
2it5 -6.406 23.552 2.183 2Z8D 19.002 -5.592 26.08
2it5 -6.406 23.552 2.183 2it5 -6.406 23.552 2.183
2it5 -7.196 24.113 1.003 2it5 -7.196 24.113 1.003
2it5 -5.653 27.062 -2.778 1ATG 27.93 32.118 4.706
2it5 -5.653 27.062 -2.778 1ATG 21.833 31.24 18.377
2it5 -5.653 27.062 -2.778 1B9J -19.788 23.52 5.907
2it5 -5.653 27.062 -2.778 1Y3P -36.494 -19.805 8.949
2it5 -5.653 27.062 -2.778 2D3W 74.198 12.814 62.646
2it5 -5.653 27.062 -2.778 2FGJ 29.745 58.424 -19.27
2it5 -5.653 27.062 -2.778 2HAU 41.421 -23.625 3.713
2it5 -5.653 27.062 -2.778 2IXF 29.148 7.116 -5.131
2it5 -5.653 27.062 -2.778 2PLS 80.148 35.339 114.416
2it5 -5.653 27.062 -2.778 2R6G -57.716 29.232 72.595
2it5 -5.653 27.062 -2.778 2R9H -42.544 -16.322 -44.216
2it5 -5.653 27.062 -2.778 2it5 -5.653 27.062 -2.778
2it5 -5.667 30.375 -0.216 2it5 -5.667 30.375 -0.216
2it5 -5.743 30.553 2.269 2it5 -5.743 30.553 2.269
2it5 -7.172 28.864 1.096 1Y3P -1.684 -0.153 -32.629
2it5 -7.172 28.864 1.096 2O8F -90.867 43.332 23.545
2it5 -7.172 28.864 1.096 2it5 -7.172 28.864 1.096
2it5 -5.836 29.597 1.093 2it5 -5.836 29.597 1.093
2it5 -8.287 32.296 -4.299 2it5 -8.287 32.296 -4.299
2it5 -8.038 30.783 -2.541 2it5 -8.038 30.783 -2.541
2it5 -8.96 31.105 -3.685 2it5 -8.96 31.105 -3.685
2it5 -5.421 33.562 -5.329 2it5 -5.421 33.562 -5.329
2it5 -4.771 34.788 -2.924 2it5 -4.771 34.788 -2.924
2it5 -5.025 35.422 -1.554 2it5 -5.025 35.422 -1.554
2it5 -5.632 33.618 -3.087 1R0Y 125.285 -17.219 95.808
2it5 -5.632 33.618 -3.087 2it5 -5.632 33.618 -3.087
2it5 -2.472 35.401 -3.271 2it5 -2.472 35.401 -3.271
2it5 -5.156 34.426 -0.554 2Q5D -29.03 -9.85 -72.929
2it5 -5.156 34.426 -0.554 2it5 -5.156 34.426 -0.554
2it5 -0.461 33.109 1.148 2it5 -0.461 33.109 1.148
2it5 -2.427 31.732 1.352 2it5 -2.427 31.732 1.352
2it5 -1.486 32.578 1.929 2it5 -1.486 32.578 1.929
2it5 -3.247 31.298 -7.428 2it5 -3.247 31.298 -7.428
2it5 -4.989 29.435 -7.174 2it5 -4.989 29.435 -7.174
2it5 -5.355 28.223 -6.32 2it5 -5.355 28.223 -6.32
2it5 -6.662 27.615 -6.69 1B3G 36.328 12.199 7.675
2it5 -6.662 27.615 -6.69 1B51 6.438 34.108 9.277
2it5 -6.662 27.615 -6.69 1G9X 27.191 70.024 -1.763
2it5 -6.662 27.615 -6.69 1L7V 71.32 36.897 72.819
2it5 -6.662 27.615 -6.69 1MV5 -3.706 63.472 82.734
2it5 -6.662 27.615 -6.69 1Q1E 36.05 -6.774 29.208
2it5 -6.662 27.615 -6.69 1Q1E 13.015 -24.663 22.32
2it5 -6.662 27.615 -6.69 1VF7 40.941 -75.702 32.525
2it5 -6.662 27.615 -6.69 1VF7 60.178 -45.696 18.868
2it5 -6.662 27.615 -6.69 1XC1 -66.726 -17.613 -29.825
2it5 -6.662 27.615 -6.69 1XC1 26.997 -56.145 -22.733
2it5 -6.662 27.615 -6.69 1XC1 14.529 -2.469 0.194
2it5 -6.662 27.615 -6.69 1XC1 81.949 20.499 -8.718
2it5 -6.662 27.615 -6.69 2EXW -6.729 41.236 -14.17
2it5 -6.662 27.615 -6.69 2EXY -6.605 41.096 -14.371
2it5 -6.662 27.615 -6.69 2EZ0 -6.862 42.625 -11.604
2it5 -6.662 27.615 -6.69 2FED -27.722 -3.043 -78.191
2it5 -6.662 27.615 -6.69 2FGJ 23.339 78.874 9.836
2it5 -6.662 27.615 -6.69 2HEU 43.887 115.672 1.108
2it5 -6.662 27.615 -6.69 2HN2 5.053 90.377 53.861
2it5 -6.662 27.615 -6.69 2O8B -77.831 -16.312 12.605
2it5 -6.662 27.615 -6.69 2O8E -78.142 -16.17 12.034
2it5 -6.662 27.615 -6.69 2O8E -65.353 -14.838 9.366
2it5 -6.662 27.615 -6.69 2OGW 34.936 89.559 -11.163
2it5 -6.662 27.615 -6.69 2it5 -6.662 27.615 -6.69
2it5 -0.987 32.726 -8.838 2it5 -0.987 32.726 -8.838
2it5 -0.672 35.278 -7.835 2it5 -0.672 35.278 -7.835
2it5 -1.064 36.586 -7.141 2it5 -1.064 36.586 -7.141
2it5 -0.568 38.01 -5.09 2it5 -0.568 38.01 -5.09
2it5 -1.248 34.144 -7.122 2it5 -1.248 34.144 -7.122
2it5 -1.544 38.418 -4.285 2it5 -1.544 38.418 -4.285
2it5 1.523 35.941 -8.561 2it5 1.523 35.941 -8.561
2it5 0.403 38.72 -5.374 2GHB 11.906 -44.863 44.971
2it5 0.403 38.72 -5.374 2it5 0.403 38.72 -5.374
2it5 0.403 38.72 -5.374 3B60 53.596 -66.751 138.908
2it5 2.865 34.114 -7.005 2it5 2.865 34.114 -7.005
2it5 3.132 36.065 -4.596 2it5 3.132 36.065 -4.596
2it5 2.635 36.991 -3.677 2it5 2.635 36.991 -3.677
2it5 4.772 33.157 -8.097 2it5 4.772 33.157 -8.097
2it5 1.237 37.476 -1.783 2it5 1.237 37.476 -1.783
2it5 2.303 30.733 -10.551 2it5 2.303 30.733 -10.551
2it5 0.294 29.681 -9.354 2it5 0.294 29.681 -9.354
2it5 -0.006 28.515 -8.696 2it5 -0.006 28.515 -8.696
2it5 3.66 33.581 -11.023 2it5 3.66 33.581 -11.023
2it5 5.856 32.719 -12.404 2it5 5.856 32.719 -12.404
2it5 7.219 32.094 -12.735 2it5 7.219 32.094 -12.735
2it5 8.276 32.384 -11.677 2it5 8.276 32.384 -11.677
2it5 9.294 31.533 -11.598 2it5 9.294 31.533 -11.598
2it5 8.187 33.376 -10.957 2it5 8.187 33.376 -10.957
2it5 4.229 34.04 -15.579 2it5 4.229 34.04 -15.579
2it5 4.732 35.254 -16.36 2it5 4.732 35.254 -16.36
2it5 4.679 36.16 -18.667 2it5 4.679 36.16 -18.667
2it5 3.836 35.691 -17.502 2it5 3.836 35.691 -17.502
2it5 6.36 35.171 -20.178 2it5 6.36 35.171 -20.178
2it5 5.01 33.881 -14.362 2it5 5.01 33.881 -14.362
2it5 5.512 35.069 -19.161 2it5 5.512 35.069 -19.161
2it5 6.495 36.326 -20.82 1L2T 34.154 28.795 71.165
2it5 6.495 36.326 -20.82 1L7V 33.45 59.361 97.577
2it5 6.495 36.326 -20.82 1L7V 30.92 42.423 91.293
2it5 6.495 36.326 -20.82 1OXS 16.604 -20.399 23.037
2it5 6.495 36.326 -20.82 1OXT 8.078 143.305 22.84
2it5 6.495 36.326 -20.82 1OXU 8.503 -21.357 65.39
2it5 6.495 36.326 -20.82 1OXV -2.369 34.416 42.057
2it5 6.495 36.326 -20.82 1OXX 17.093 -20.639 22.94
2it5 6.495 36.326 -20.82 1R8D 35.256 32.678 1.865
2it5 6.495 36.326 -20.82 1VPL 24.583 25.572 -14.592
2it5 6.495 36.326 -20.82 1XEF 25.347 48.36 31.142
2it5 6.495 36.326 -20.82 1XEF 40.513 62.784 0.245
2it5 6.495 36.326 -20.82 1Z47 14.529 57.932 57.879
2it5 6.495 36.326 -20.82 1Z47 -4.132 33.53 -27.759
2it5 6.495 36.326 -20.82 2BBJ 91.456 30.343 65.108
2it5 6.495 36.326 -20.82 2BBJ 106.759 1.809 94.191
2it5 6.495 36.326 -20.82 2D3W 25.712 -28.419 60.324
2it5 6.495 36.326 -20.82 2DR6 174.955 129.735 -8.406
2it5 6.495 36.326 -20.82 2ENK 17.076 13.927 -18.881
2it5 6.495 36.326 -20.82 2EXW 70.331 -1.539 15.307
2it5 6.495 36.326 -20.82 2FED -55.599 -11.494 -61.622
2it5 6.495 36.326 -20.82 2FEE -2.391 30.403 31.572
2it5 6.495 36.326 -20.82 2FGJ -2.931 62.477 3.404
2it5 6.495 36.326 -20.82 2FGK 6.505 23.785 6.778
2it5 6.495 36.326 -20.82 2FGK -30.086 -74.502 6.743
2it5 6.495 36.326 -20.82 2FN9 66.766 3.562 -13.484
2it5 6.495 36.326 -20.82 2H2P -11.178 30.464 -3.99
2it5 6.495 36.326 -20.82 2H2S -71.084 1.299 -15.034
2it5 6.495 36.326 -20.82 2HLF 68.324 -4.041 22.666
2it5 6.495 36.326 -20.82 2HLF 25.228 -26.006 60.407
2it5 6.495 36.326 -20.82 2HN2 -25.215 100.129 42.998
2it5 6.495 36.326 -20.82 2HQG 25.01 -17.131 -73.626
2it5 6.495 36.326 -20.82 2HT2 2.819 31.497 -30.976
2it5 6.495 36.326 -20.82 2IUB -15.56 -26.402 -12.248
2it5 6.495 36.326 -20.82 2IUB -25.992 15.902 -3.492
2it5 6.495 36.326 -20.82 2IUB 8.996 16.327 97.689
2it5 6.495 36.326 -20.82 2IUB 13.85 19.856 53.867
2it5 6.495 36.326 -20.82 2NOW 55.319 8.8 -7.293
2it5 6.495 36.326 -20.82 2NPG 55.037 9.041 -7.013
2it5 6.495 36.326 -20.82 2NQ2 -1.06 32.962 -24.638
2it5 6.495 36.326 -20.82 2O8B -71.558 73.134 51.922
2it5 6.495 36.326 -20.82 2O8B -73.779 73.334 51.422
2it5 6.495 36.326 -20.82 2O8E -61.238 24.784 -4.717
2it5 6.495 36.326 -20.82 2O8E -98.926 41.311 24.183
2it5 6.495 36.326 -20.82 2O8F -72.213 72.429 51.09
2it5 6.495 36.326 -20.82 2P3H 1.748 -7.919 31.575
2it5 6.495 36.326 -20.82 2PZE 3.015 0.662 95.802
2it5 6.495 36.326 -20.82 2QI9 49.652 36.085 69.387
2it5 6.495 36.326 -20.82 2QNA -50.325 -21.673 -38.976
2it5 6.495 36.326 -20.82 2YVX 75.651 21.256 170.169
2it5 6.495 36.326 -20.82 2YVX 99.383 53.479 224.214
2it5 6.495 36.326 -20.82 2YVX 113.339 -49.401 281.041
2it5 6.495 36.326 -20.82 2YVZ -10.338 -137.371 -104.24
2it5 6.495 36.326 -20.82 2YVZ -13.378 -97.236 -88.696
2it5 6.495 36.326 -20.82 2YYZ 15.413 32.955 26.427
2it5 6.495 36.326 -20.82 2Z23 24.312 25.224 -2.476
2it5 6.495 36.326 -20.82 2aq2 17.23 25.851 -24.63
2it5 6.495 36.326 -20.82 2it5 6.495 36.326 -20.82
2it5 6.495 36.326 -20.82 3BMZ -3.788 17.177 13.01
2it5 7.07 34.115 -20.557 1GAJ 16.709 39.534 76.424
2it5 7.07 34.115 -20.557 1L7V 27.899 83.921 100.112
2it5 7.07 34.115 -20.557 1QKC 51.207 100.938 38.035
2it5 7.07 34.115 -20.557 2FGJ 9.137 34.478 -9.526
2it5 7.07 34.115 -20.557 2HN2 -9.932 108.221 3.177
2it5 7.07 34.115 -20.557 2NWL -20.107 50.303 -13.961
2it5 7.07 34.115 -20.557 2NWL 64.581 39.916 -16.712
2it5 7.07 34.115 -20.557 2O8B -14.489 -7.198 49.926
2it5 7.07 34.115 -20.557 2it5 7.07 34.115 -20.557
2it5 7.07 34.115 -20.557 3C9H 56.575 -11.887 30.577
2it5 5.514 32.39 -16.743 2it5 5.514 32.39 -16.743
2it5 3.366 29.666 -16.718 2it5 3.366 29.666 -16.718
2it5 3.34 30.93 -17.558 2it5 3.34 30.93 -17.558
2it5 3.28 32.141 -16.761 2it5 3.28 32.141 -16.761
2it5 3.394 28.561 -17.25 2it5 3.394 28.561 -17.25
2it5 2.043 28.575 -13.774 2it5 2.043 28.575 -13.774
2it5 1.32 29.561 -13.65 2it5 1.32 29.561 -13.65
2it5 7.267 28.201 -15.792 2it5 7.267 28.201 -15.792
2it5 0.548 27.176 -12.387 2it5 0.548 27.176 -12.387
2it5 0.529 25.669 -12.177 1Y3N -3.479 3.621 40.665
2it5 0.529 25.669 -12.177 1Y3P -0.375 2.355 9.406
2it5 0.529 25.669 -12.177 2it5 0.529 25.669 -12.177
2it5 1.015 25.586 -15.25 1T1L 52.943 29.422 -9.47
2it5 1.015 25.586 -15.25 2it5 1.015 25.586 -15.25
2it5 2.99 22.797 -16.898 2it5 2.99 22.797 -16.898
2it5 2.887 24.307 -16.77 2it5 2.887 24.307 -16.77
2it5 3.789 24.962 -17.825 2it5 3.789 24.962 -17.825
2it5 6.089 25.601 -18.18 2it5 6.089 25.601 -18.18
2it5 2.721 22.247 -17.965 2it5 2.721 22.247 -17.965
2it5 2.077 20.089 -15.822 2it5 2.077 20.089 -15.822
2it5 1.42 17.764 -15.909 2it5 1.42 17.764 -15.909
2it5 4.052 18.916 -17.378 2it5 4.052 18.916 -17.378
2it5 6.857 19.145 -18.326 2it5 6.857 19.145 -18.326
2it5 5.976 20.329 -18.717 2it5 5.976 20.329 -18.717
2it5 6.865 21.434 -19.336 2it5 6.865 21.434 -19.336
2it5 6.005 22.623 -19.707 2it5 6.005 22.623 -19.707
2it5 7.969 21.856 -18.367 2it5 7.969 21.856 -18.367
2it5 6.901 16.184 -17.225 2it5 6.901 16.184 -17.225
2it5 7.32 16.791 -18.55 2it5 7.32 16.791 -18.55
2it5 6.54 17.973 -18.866 2it5 6.54 17.973 -18.866
2it5 7.611 15.343 -16.654 2it5 7.611 15.343 -16.654
2it5 5.203 14.599 -15.442 2it5 5.203 14.599 -15.442
2it5 2.808 14.346 -14.694 2it5 2.808 14.346 -14.694
2it5 4.265 14.009 -14.405 2it5 4.265 14.009 -14.405
2it5 5.741 16.616 -16.736 2it5 5.741 16.616 -16.736
2it5 6.859 16.055 -13.74 2it5 6.859 16.055 -13.74
2it5 2.237 13.76 -15.641 2it5 2.237 13.76 -15.641
2it5 2.238 15.206 -13.985 2it5 2.238 15.206 -13.985
2it5 9.328 21.459 -14.843 2it5 9.328 21.459 -14.843
2it5 3.106 15.958 -10.364 2it5 3.106 15.958 -10.364
2it5 2.868 14.729 -10.351 2it5 2.868 14.729 -10.351
2it5 12.183 25.578 -10.3 2it5 12.183 25.578 -10.3
2it5 12.183 25.578 -10.3 3C9H 50.77 -5.309 35.298
2it5 12.627 29.84 -11.083 2it5 12.627 29.84 -11.083
2it5 13.51 34.03 -9.376 2it5 13.51 34.03 -9.376
2it5 13.467 32.619 -9.048 2it5 13.467 32.619 -9.048
2it5 9.418 35.588 -7.795 2it5 9.418 35.588 -7.795
2it5 10.399 37.62 -8.832 2it5 10.399 37.62 -8.832
2it5 11.642 38.324 -9.329 2NWW -12.461 53.465 -21.513
2it5 11.642 38.324 -9.329 2it5 11.642 38.324 -9.329
2it5 11.638 35.508 -8.945 2it5 11.638 35.508 -8.945
2it5 11.746 38.484 -10.645 2it5 11.746 38.484 -10.645
2it5 8.577 36.125 -7.068 2it5 8.577 36.125 -7.068
2it5 12.508 38.708 -8.544 2it5 12.508 38.708 -8.544
2it5 8.01 33.657 -8.043 2it5 8.01 33.657 -8.043
2it5 8.933 26.493 -12.48 2it5 8.933 26.493 -12.48
2it5 9.993 25.692 -12.526 2it5 9.993 25.692 -12.526
2it5 8.057 26.485 -13.348 2it5 8.057 26.485 -13.348
2it5 11.802 20.647 -12.903 2it5 11.802 20.647 -12.903
2it5 12.632 22.586 -12.262 2it5 12.632 22.586 -12.262
2it5 11.182 16.743 -12.355 2it5 11.182 16.743 -12.355
2it5 10.996 18.194 -14.418 2it5 10.996 18.194 -14.418
2it5 10.686 18.253 -15.915 2it5 10.686 18.253 -15.915
2it5 10.861 16.783 -13.852 2it5 10.861 16.783 -13.852
2it5 10.82 19.646 -16.474 2it5 10.82 19.646 -16.474
2it5 8.76 15.381 -7.307 2it5 8.76 15.381 -7.307
2it5 9.707 16.421 -9.319 2IXG 48.159 3.118 60.922
2it5 9.707 16.421 -9.319 2it5 9.707 16.421 -9.319
2it5 12.973 12.674 -9.4 2it5 12.973 12.674 -9.4
2it5 13.977 11.605 -8.953 2it5 13.977 11.605 -8.953
2it5 11.741 14.67 -8.659 2it5 11.741 14.67 -8.659
2it5 14.279 11.572 -7.652 2it5 14.279 11.572 -7.652
2it5 15.335 14.18 -8.565 2it5 15.335 14.18 -8.565
2it5 14.463 10.809 -9.772 1B9J -10.059 34.804 32.125
2it5 14.463 10.809 -9.772 1NQF -0.153 64.29 50.459
2it5 14.463 10.809 -9.772 2QJU 25.103 -4.8 -23.853
2it5 14.463 10.809 -9.772 2it5 14.463 10.809 -9.772
2it5 14.494 19.206 -12.154 2it5 14.494 19.206 -12.154
2it5 16.282 17.456 -12.005 2it5 16.282 17.456 -12.005
2it5 14.91 17.897 -11.508 2it5 14.91 17.897 -11.508
2it5 19.039 17.222 -6.276 2it5 19.039 17.222 -6.276
2it5 17.097 17.464 -7.737 2it5 17.097 17.464 -7.737
2it5 18.301 19.985 -7.372 2it5 18.301 19.985 -7.372
2it5 15.587 21.814 -7.125 2it5 15.587 21.814 -7.125
2it5 14.441 22.982 -9.865 2it5 14.441 22.982 -9.865
2it5 18.512 24.71 -1.883 2it5 18.512 24.71 -1.883
2it5 21.37 25.069 -4.369 2it5 21.37 25.069 -4.369
2it5 22.479 24.914 -3.54 2it5 22.479 24.914 -3.54
2it5 19.011 19.252 2.67 2it5 19.011 19.252 2.67
2it5 18.174 19.622 3.695 2it5 18.174 19.622 3.695
2it5 13.265 28.826 1.567 1PO3 10.567 46.438 80.246
2it5 13.265 28.826 1.567 2NUU 7.662 14.836 119.995
2it5 13.265 28.826 1.567 2it5 13.265 28.826 1.567
2it5 13.982 21.469 6.686 2it5 13.982 21.469 6.686
2it5 6.875 27.813 8.458 1Q3H 136.141 -13.234 23.573
2it5 6.875 27.813 8.458 1SGW 26.882 12.244 -8.899
2it5 6.875 27.813 8.458 2HMS 120.527 21.009 -3.065
2it5 6.875 27.813 8.458 2IEE 25.761 0.078 86.461
2it5 6.875 27.813 8.458 2IEE 48.414 4.55 93.485
2it5 6.875 27.813 8.458 2Z8F 37.659 -8.437 29.837
2it5 6.875 27.813 8.458 2it5 6.875 27.813 8.458
2it5 5.891 28.531 9.368 2it5 5.891 28.531 9.368
2it5 8.009 27.156 9.244 2it5 8.009 27.156 9.244
2it5 4.798 29.19 8.595 2it5 4.798 29.19 8.595
2it5 9.092 23.906 10.309 2it5 9.092 23.906 10.309
2it5 9.343 25.254 12.724 2it5 9.343 25.254 12.724
2it5 10.312 24.25 13.356 2it5 10.312 24.25 13.356
2it5 12.462 23.677 14.427 2it5 12.462 23.677 14.427
2it5 13.887 24.103 14.728 2it5 13.887 24.103 14.728
2it5 14.693 22.936 15.176 2it5 14.693 22.936 15.176
2it5 7.026 26.89 16.617 2it5 7.026 26.89 16.617
2it5 8.375 26.264 14.691 2it5 8.375 26.264 14.691
2it5 10.201 27.026 16.703 2it5 10.201 27.026 16.703
2it5 6.687 27.954 17.489 2it5 6.687 27.954 17.489
2it5 10.648 31.179 17.055 2it5 10.648 31.179 17.055
2it5 9.206 29.389 19.281 2it5 9.206 29.389 19.281
2it5 11.38 29.097 20.961 2it5 11.38 29.097 20.961
2it5 12.596 28.292 21.421 2it5 12.596 28.292 21.421
2it5 11.438 29.31 19.526 2it5 11.438 29.31 19.526
2it5 12.167 31.329 21.347 2it5 12.167 31.329 21.347
2it5 10.328 31.901 23.294 2it5 10.328 31.901 23.294
2it5 8.875 32.326 23.494 2it5 8.875 32.326 23.494
2it5 10.409 30.646 22.559 2it5 10.409 30.646 22.559
2it5 10.758 30.683 25.309 2it5 10.758 30.683 25.309
2it5 8.333 32.829 22.288 2it5 8.333 32.829 22.288
2it5 13.131 33.866 26.747 2it5 13.131 33.866 26.747
2it5 12.57 32.525 26.281 2it5 12.57 32.525 26.281
2it5 13.692 31.493 26.142 2it5 13.692 31.493 26.142
2it5 11.856 32.631 25.019 2it5 11.856 32.631 25.019
2it5 12.897 34.877 26.05 2it5 12.897 34.877 26.05
2it5 15.004 31.882 24.93 2it5 15.004 31.882 24.93
