1VRV 111.861 -1.074 -29.885 1VKR 311.86 198.925 170.113
1VRV 120.563 20.243 -24.59 1VKR 320.562 220.242 175.408
1VRV 118.486 17.302 -18.819 1VKR 318.485 217.302 181.179
1VRV 109.856 15.237 -13.972 1VKR 309.855 215.236 186.027
1VRV 123.193 -2.332 -20.072 1VKR 323.192 197.667 179.927
1VRV 115.774 9.737 -31.902 1VKR 315.773 209.736 168.097
1VRV 110.971 11.737 -32.194 1VKR 310.971 211.736 167.804
1VRV 120.929 6.137 -20.444 1VKR 320.928 206.136 179.555
1VRV 114.804 4.477 -28.013 1VKR 314.803 204.477 171.985
1VRV 117.58 10.303 -10.69 1VKR 317.579 210.302 189.309
1VRV 111.843 11.045 -31.139 1VKR 311.842 211.044 168.86
1VRV 111.632 11.687 -29.77 1VKR 311.631 211.686 170.229
1VRV 115.002 19.353 -27.254 1VKR 315.002 219.352 172.744
1VRV 116.99 9.486 -29.791 1VKR 316.99 209.485 170.208
1VRV 124.288 14.413 -18.625 1VKR 324.287 214.412 181.375
1VRV 113.538 15.397 -20.94 1VKR 313.537 215.397 179.059
1VRV 115.477 18.111 -15.479 1VKR 315.477 218.11 184.52
1VRV 108.873 20.055 -20.042 1VKR 308.872 220.055 179.957
1VRV 115.516 18.408 -24.993 1VKR 315.516 218.408 175.005
1VKR 311.86 198.925 170.113 1VRV 111.861 -1.074 -29.885
1VKR 320.562 220.242 175.408 1VRV 120.563 20.243 -24.59
1VKR 318.485 217.302 181.179 1VRV 118.486 17.302 -18.819
1VKR 309.855 215.236 186.027 1VRV 109.856 15.237 -13.972
1VKR 323.192 197.667 179.927 1VRV 123.193 -2.332 -20.072
1VKR 315.773 209.736 168.097 1VRV 115.774 9.737 -31.902
1VKR 310.971 211.736 167.804 1VRV 110.971 11.737 -32.194
1VKR 320.928 206.136 179.555 1VRV 120.929 6.137 -20.444
1VKR 314.803 204.477 171.985 1VRV 114.804 4.477 -28.013
1VKR 317.579 210.302 189.309 1VRV 117.58 10.303 -10.69
1VKR 311.842 211.044 168.86 1VRV 111.843 11.045 -31.139
1VKR 311.631 211.686 170.229 1VRV 111.632 11.687 -29.77
1VKR 315.002 219.352 172.744 1VRV 115.002 19.353 -27.254
1VKR 316.99 209.485 170.208 1VRV 116.99 9.486 -29.791
1VKR 324.287 214.412 181.375 1VRV 124.288 14.413 -18.625
1VKR 313.537 215.397 179.059 1VRV 113.538 15.397 -20.94
1VKR 315.477 218.11 184.52 1VRV 115.477 18.111 -15.479
1VKR 308.872 220.055 179.957 1VRV 108.873 20.055 -20.042
1VKR 315.516 218.408 175.005 1VRV 115.516 18.408 -24.993
2JZN 2.046 -1.465 22.174 1VSQ 2.046 -1.465 22.174
2JZN -1.761 -4.426 21.127 1VSQ -1.761 -4.426 21.127
2JZN 8.381 -21.912 3.158 1VSQ 8.381 -21.912 3.158
2JZN 0.536 -5.396 21.238 1VSQ 0.536 -5.396 21.238
2JZN 13.175 -23.12 5.425 1VSQ 13.175 -23.12 5.425
2JZN 10.678 -24.111 4.914 1VSQ 10.678 -24.111 4.914
2JZN 6.065 0.643 18.785 1VSQ 6.065 0.643 18.785
2JZN 6.822 29.134 -15.968 1VSQ 6.822 29.134 -15.968
2JZN 9.083 -22.207 4.44 1VSQ 9.083 -22.207 4.44
2JZN 15.982 -22.153 4.067 1VSQ 15.982 -22.153 4.067
2JZN 7.522 0.442 18.497 1VSQ 7.522 0.442 18.497
2JZN 9.225 -23.733 4.603 1VSQ 9.225 -23.733 4.603
2JZN 5.736 2.141 18.639 1VSQ 5.736 2.141 18.639
2JZN 1.605 4.19 22.412 1VSQ 1.605 4.19 22.412
2JZN 2.94 4.597 21.764 1VSQ 2.94 4.597 21.764
2JZN 0.564 5.309 22.231 1VSQ 0.564 5.309 22.231
2JZN 28.374 19.86 -3.509 1VSQ 28.374 19.86 -3.509
2JZN 0.18 -2.963 21.701 1VSQ 0.18 -2.963 21.701
2JZN 7.827 24.545 -15.649 1VSQ 7.827 24.545 -15.649
2HXH 30.865 47.148 102.545 2HXF 30.865 47.148 102.545
2HXH 44.377 48.152 102.058 2HXF 44.377 48.152 102.058
2HXH 39.133 51.858 102.808 2HXF 39.133 51.858 102.808
2HXH 31.121 51.956 102.551 2HXF 31.121 51.956 102.551
2HXH 37.525 48.179 101.495 2HXF 37.525 48.179 101.495
2HXH 35.791 47.366 103.153 2HXF 35.791 47.366 103.153
2HXH 33.305 44.575 96.513 2HXF 33.305 44.575 96.513
2HXH 28.514 51.124 100.259 2HXF 28.514 51.124 100.259
2HXH 45.359 47.911 100.113 2HXF 45.359 47.911 100.113
2HXH 25.004 37.101 87.463 2HXF 25.004 37.101 87.463
2HXH 26.055 41.176 86.664 2HXF 26.055 41.176 86.664
2HXH 28.243 40.66 87.488 2HXF 28.243 40.66 87.488
2HXH 24.128 38.695 93.294 2HXF 24.128 38.695 93.294
2HXH 18.594 34.791 87.514 2HXF 18.594 34.791 87.514
2HXH 23.076 30.138 87.986 2HXF 23.076 30.138 87.986
2HXH 28.375 30.509 82.373 2HXF 28.375 30.509 82.373
2HXH 28.176 36.485 94.246 2HXF 28.176 36.485 94.246
2HXH 22.128 29.187 85.842 2HXF 22.128 29.187 85.842
2HXH 29.222 52.071 101.155 2HXF 29.222 52.071 101.155
2HXF 33.237 18.628 62.955 2HXH 33.237 18.628 62.955
2HXF 35.548 18.325 67.811 2HXH 35.548 18.325 67.811
2HXF 43.736 52.18 35.334 2HXH 43.736 52.18 35.334
2HXF 37.762 13.02 68.801 2HXH 37.762 13.02 68.801
2HXF 37.34 11.815 68.404 2HXH 37.34 11.815 68.404
2HXF 37.707 15.515 69.129 2HXH 37.707 15.515 69.129
2HXF 37.199 14.293 68.341 2HXH 37.199 14.293 68.341
2HXF 24.128 38.695 93.294 2HXH 24.128 38.695 93.294
2HXF 26.225 38.161 95.299 2HXH 26.225 38.161 95.299
2HXF 25.809 40.471 93.441 2HXH 25.809 40.471 93.441
2HXF 24.079 37.29 91.541 2HXH 24.079 37.29 91.541
2HXF 22.902 36.085 94.491 2HXH 22.902 36.085 94.491
2HXF 34.3 18.749 67.643 2HXH 34.3 18.749 67.643
2HXF 35.608 19.785 65.296 2HXH 35.608 19.785 65.296
2HXF 22.031 37.638 92.714 2HXH 22.031 37.638 92.714
2HXF 33.005 20.798 68.41 2HXH 33.005 20.798 68.41
2HXF 35.917 16.916 67.902 2HXH 35.917 16.916 67.902
2HXF 25.228 41.279 92.43 2HXH 25.228 41.279 92.43
2HXF 26.194 36.651 88.095 2HXH 26.194 36.651 88.095
1VSQ 1.488 6.318 27.649 2JZN 1.488 6.318 27.649
1VSQ -8.036 -5.719 17.909 2JZN -8.036 -5.719 17.909
1VSQ 1.57 2.066 25.721 2JZN 1.57 2.066 25.721
1VSQ 0.105 -0.721 24.327 2JZN 0.105 -0.721 24.327
1VSQ 1.605 4.19 22.412 2JZN 1.605 4.19 22.412
1VSQ -10.326 -0.882 22.617 2JZN -10.326 -0.882 22.617
1VSQ -11.493 1.741 26.784 2JZN -11.493 1.741 26.784
1VSQ -1.174 8.17 23.478 2JZN -1.174 8.17 23.478
1VSQ -1.55 7.604 24.688 2JZN -1.55 7.604 24.688
1VSQ 0.671 20.926 -4.06 2JZN 0.671 20.926 -4.06
1VSQ -13.776 7.723 17.181 2JZN -13.776 7.723 17.181
1VSQ -13.385 6.635 17.618 2JZN -13.385 6.635 17.618
1VSQ -0.497 21.954 11.227 2JZN -0.497 21.954 11.227
1VSQ 3.411 18.364 22.902 2JZN 3.411 18.364 22.902
1VSQ 4.151 19.636 18.82 2JZN 4.151 19.636 18.82
1VSQ 3.141 19.839 19.971 2JZN 3.141 19.839 19.971
1VSQ 2.749 18.483 20.601 2JZN 2.749 18.483 20.601
1VSQ 0.806 16.469 21.354 2JZN 0.806 16.469 21.354
1VSQ 2.01 14.673 18.812 2JZN 2.01 14.673 18.812
3c1j 62.401 4.097 -6.201 3C1J 62.401 4.097 -6.201
3c1j 27.169 9.729 -1.1 3C1J 27.169 9.729 -1.1
3c1j 38.044 2.993 29.298 3C1J 38.044 2.993 29.298
3c1j 30.615 8.878 -4.092 3C1J 30.615 8.878 -4.092
3c1j 36.715 10.821 28.562 3C1J 36.715 10.821 28.562
3c1j 39.546 5.355 29.663 3C1J 39.546 5.355 29.663
3c1j 64.637 5.15 -1.447 3C1J 64.637 5.15 -1.447
3c1j 23.525 13.279 6.5 3C1J 23.525 13.279 6.5
3c1j 37.458 4.073 29.485 3C1J 37.458 4.073 29.485
3c1j 33.005 12.706 29.586 3C1J 33.005 12.706 29.586
3c1j 56.391 19.003 27.878 3C1J 56.391 19.003 27.878
3c1j 45.162 28.823 39.344 3C1J 45.162 28.823 39.344
3c1j 46.915 31.739 38.097 3C1J 46.915 31.739 38.097
3c1j 48.761 30.159 36.693 3C1J 48.761 30.159 36.693
3c1j 49.426 28.775 36.706 3C1J 49.426 28.775 36.706
3c1j 47.888 19.291 -3.496 3C1J 47.888 19.291 -3.496
3c1j 48.193 18.013 -1.37 3C1J 48.193 18.013 -1.37
3c1j 50.983 32.381 33.435 3C1J 50.983 32.381 33.435
3c1j 26.677 17.67 -3.598 3C1J 26.677 17.67 -3.598
