1B51 -4.839 9.215 17.086 1B05 -4.826 9.34 17.167
1B3F 26.729 3.223 19.663 1B32 26.712 3.209 19.69
1B3F 18.895 1.804 14.112 1B32 18.909 1.768 14.085
1B3F 5.894 8.88 -12.152 1B32 5.889 8.782 -12.109
1B3F -2.236 5.16 -12.123 1B32 -2.186 5.035 -12.076
1B51 12.489 4.243 1.467 1B32 12.522 4.252 1.437
1B51 11.246 4.05 0.583 1B32 11.291 4.072 0.546
1B51 7.96 2.828 5.28 1B32 8.022 2.844 5.245
1B51 -6.077 7.57 26.829 1B32 -6.053 7.498 26.756
1B5I 13.357 7.697 -7.027 1B32 13.402 7.701 -7.002
1B5I 13.55 8.831 -6.27 1B32 13.609 8.829 -6.242
1B5I 0.128 3.197 24.545 1B32 0.199 3.082 24.417
1B5I 4.281 0.933 27.663 1B32 4.381 0.833 27.509
1B5I 5.276 0.046 27.712 1B32 5.318 -0.107 27.534
1B9J 8.05 12.704 0.483 1B32 8.039 12.729 0.532
1B9J 13.508 7.131 -2.155 1B32 13.46 7.123 -2.085
1B9J 12.515 13.98 -12.001 1B32 12.541 14.029 -11.93
1B9J 13.744 16.954 -5.596 1B32 13.715 16.91 -5.518
1B9J 14.274 8.829 -9.09 1B32 14.281 8.809 -8.998
1B9J 10.248 9.142 -1.945 1B32 10.262 9.147 -1.848
1B9J 11.625 11.175 0.008 1B32 11.574 11.211 0.101
1B9J 12.293 12.3 -3.538 1B32 12.295 12.272 -3.424
1B9J -4.659 9.164 16.95 1B32 -4.744 9.243 16.992
1QKA 12.473 14.024 -11.888 1B32 12.541 14.029 -11.93
1QKA 10.401 7.703 -10.126 1B32 10.479 7.682 -10.187
1QKB -0.197 2.115 19.274 1B32 -0.192 2.114 19.273
1QKB -0.816 3.484 19.099 1B32 -0.813 3.48 19.107
1QKB 32.082 24.829 16.801 1B32 32.085 24.815 16.799
1QKB 30.228 24.94 13.114 1B32 30.229 24.934 13.128
1QKB -1.258 22.427 -10.298 1B32 -1.245 22.43 -10.288
1QKB -1.488 4.103 20.162 1B32 -1.491 4.12 20.152
1QKB -5.159 5.204 12.239 1B32 -5.152 5.225 12.244
1QKB -0.268 14.42 -12.696 1B32 -0.277 14.416 -12.718
1QKB 0.717 12.397 -11.892 1B32 0.732 12.406 -11.911
1QKB 0.179 17.823 -14.503 1B32 0.159 17.839 -14.508
1QKB -7.045 4.355 7.967 1B32 -7.057 4.364 7.989
1QKB 26.849 20.219 0.693 1B32 26.839 20.207 0.671
1QKB -4.741 9.244 17.02 1B32 -4.744 9.243 16.992
1QKB 24.406 19.972 -0.584 1B32 24.385 19.993 -0.58
1QKB -4.484 3.073 12.932 1B32 -4.474 3.088 12.902
1QKB 5.219 1.748 19.861 1B32 5.23 1.718 19.844
1QKB 23.124 19.295 -7.576 1B32 23.129 19.263 -7.553
1QKB 3.269 12.345 -12.965 1B32 3.278 12.31 -12.991
1QKB 0.112 9.13 31.073 1B32 0.114 9.083 31.072
1B32 26.712 3.209 19.69 1B3F 26.729 3.223 19.663
1B32 18.909 1.768 14.085 1B3F 18.895 1.804 14.112
1B32 5.889 8.782 -12.109 1B3F 5.894 8.88 -12.152
1B32 -2.186 5.035 -12.076 1B3F -2.236 5.16 -12.123
1B51 13.407 14.982 -2.033 1B3F 13.399 15.02 -2.006
1B51 -8.364 7.597 16.17 1B3F -8.246 7.617 16.121
1B51 -4.839 9.215 17.086 1B3F -4.719 9.267 17.024
1B5I 10.987 2.505 13.767 1B3F 11.076 2.509 13.666
1B9J 13.35 7.755 -7.112 1B3F 13.359 7.768 -7.058
1B9J -4.659 9.164 16.95 1B3F -4.719 9.267 17.024
1B9J 2.551 1.957 17.843 1B3F 2.479 2.053 17.937
1B9J -2.469 7.081 18.51 1B3F -2.473 7.256 18.52
1B9J -0.625 4.032 17.764 1B3F -0.675 4.172 17.868
1B9J -0.742 3.358 18.961 1B3F -0.839 3.492 19.045
1B9J -3.536 6.249 -7.666 1B3F -3.571 6.474 -7.657
1B9J -4.291 1.417 -8.671 1B3F -4.451 1.587 -8.69
1JEV 14.3 8.876 -9.055 1B3F 14.269 8.878 -9.034
1JEV 13.425 7.783 -7.072 1B3F 13.359 7.768 -7.058
1QKB -4.741 9.244 17.02 1B3F -4.719 9.267 17.024
1QKB 10.182 3.381 1.264 1B3F 10.208 3.408 1.213
1QKB -19.004 20.785 -0.825 1B3F -19.003 20.84 -0.774
1QKB 13.748 16.892 -5.53 1B3F 13.762 16.972 -5.51
1QKB 11.567 11.152 0.152 1B3F 11.548 11.199 0.078
1QKB 16.944 6.568 -7.333 1B3F 16.927 6.646 -7.375
1QKB -3.697 5.098 -12.451 1B3F -3.719 5.185 -12.461
1QKB 9.75 14.123 -13.241 1B3F 9.718 14.23 -13.291
1QKB -0.268 14.42 -12.696 1B3F -0.263 14.536 -12.746
1QKB 3.269 12.345 -12.965 1B3F 3.269 12.468 -13.015
1B5I -17.089 24.813 -2.048 1B3G -17.076 24.825 -2.042
1B9J 13.543 8.876 -6.34 1B3G 13.572 8.809 -6.143
1B5J 30.01 18.273 -3.733 1B46 29.913 18.305 -3.79
1B9J 10.069 8.734 12.954 1B46 9.984 8.651 12.831
1B51 32.291 9.045 -4.867 1B4Z 32.245 9.215 -4.927
1B51 31.886 10.187 -4.591 1B4Z 31.829 10.357 -4.657
1B51 34.674 11.541 -1.909 1B4Z 34.589 11.692 -1.998
1B51 33.287 11.406 0.052 1B4Z 33.212 11.583 0.004
1B51 2.114 4.629 11.506 1B4Z 2.27 4.517 11.395
1B5J 7.429 4.752 13.541 1B4Z 7.421 4.734 13.567
1B5J 10.06 8.718 12.918 1B4Z 10.053 8.694 12.951
1B5J 29.638 8.503 -3.105 1B4Z 29.649 8.47 -3.062
1B5J 9.086 6.531 13.496 1B4Z 9.027 6.541 13.501
1B5J 19.333 18.427 25.583 1B4Z 19.283 18.409 25.627
1B5J 17.148 14.225 24.429 1B4Z 17.167 14.215 24.507
1B5J 20.936 13.119 19.167 1B4Z 21 13.159 19.212
1B9J 31.851 10.381 -4.647 1B4Z 31.829 10.357 -4.657
1B9J 10.069 8.734 12.954 1B4Z 10.053 8.694 12.951
1B9J -5.202 28.872 2.97 1B4Z -5.201 28.834 2.993
1B9J 32.259 9.244 -4.958 1B4Z 32.245 9.215 -4.927
1B9J 7.195 11.828 -4.994 1B4Z 7.17 11.788 -5.022
1B9J -0.112 12.866 0.832 1B4Z -0.158 12.833 0.851
1B9J 2.864 5.256 0.344 1B4Z 2.835 5.197 0.344
1B9J 28.754 19.712 -1.896 1B4Z 28.694 19.676 -1.86
1B9J 26.799 20.419 0.532 1B4Z 26.718 20.388 0.546
1B9J 1.458 12.694 6.565 1B4Z 1.391 12.644 6.515
1JET 10.272 3.234 6.782 1B4Z 10.43 3.174 6.743
1JET 32.96 14.203 0.561 1B4Z 33.182 14.274 0.575
1JEU 30.385 18.533 -3.663 1B4Z 29.989 18.322 -3.647
1JEU 31.59 17.856 -3.588 1B4Z 31.188 17.634 -3.601
1JEV 33.227 11.598 0.026 1B4Z 33.212 11.583 0.004
1JEV 24.333 20.163 -0.675 1B4Z 24.299 20.12 -0.689
1JEV 23.156 19.919 -4.027 1B4Z 23.1 19.929 -4.031
1JEV 33.231 14.314 0.587 1B4Z 33.182 14.274 0.575
1JEV 28.743 19.66 -1.817 1B4Z 28.694 19.676 -1.86
1JEV 34.624 11.718 -1.945 1B4Z 34.589 11.692 -1.998
1JEV 31.194 14.817 4.843 1B4Z 31.26 14.824 4.818
1B05 -4.826 9.34 17.167 1B51 -4.839 9.215 17.086
1B32 12.522 4.252 1.437 1B51 12.489 4.243 1.467
1B32 11.291 4.072 0.546 1B51 11.246 4.05 0.583
1B32 8.022 2.844 5.245 1B51 7.96 2.828 5.28
1B32 -6.053 7.498 26.756 1B51 -6.077 7.57 26.829
1B3F 13.399 15.02 -2.006 1B51 13.407 14.982 -2.033
1B3F -8.246 7.617 16.121 1B51 -8.364 7.597 16.17
1B3F -4.719 9.267 17.024 1B51 -4.839 9.215 17.086
1B4Z 32.245 9.215 -4.927 1B51 32.291 9.045 -4.867
1B4Z 31.829 10.357 -4.657 1B51 31.886 10.187 -4.591
1B4Z 34.589 11.692 -1.998 1B51 34.674 11.541 -1.909
1B4Z 33.212 11.583 0.004 1B51 33.287 11.406 0.052
1B4Z 2.27 4.517 11.395 1B51 2.114 4.629 11.506
1B5J 32.798 9.487 6.668 1B51 32.824 9.381 6.791
1B5J 34.691 12.887 6.934 1B51 34.842 12.781 6.956
1B9J 7.492 4.738 13.597 1B51 7.382 4.749 13.689
1JEV 30.041 18.263 -3.572 1B51 30.09 18.107 -3.563
1JEV 31.735 17.67 -2.315 1B51 31.836 17.534 -2.344
1JEV 30.931 18.423 -1.585 1B51 31.033 18.281 -1.588
1JEV 34.624 11.718 -1.945 1B51 34.674 11.541 -1.909
1QKA 17.219 11.045 14.196 1B51 17.298 11.156 14.147
1QKA 18.836 1.692 14.23 1B51 18.959 1.804 14.178
1QKA 13.449 5.505 11.418 1B51 13.59 5.474 11.319
1QKA 12.526 4.182 17.986 1B51 12.666 4.151 17.885
1QKA 15.788 3.513 15.097 1B51 15.916 3.607 14.98
1QKA 14.494 0.474 9.527 1B51 14.661 0.515 9.409
1QKB 1.524 5.264 -8.319 1B51 1.488 5.222 -8.326
1QKB -3.697 5.098 -12.451 1B51 -3.763 5.064 -12.491
1B32 13.402 7.701 -7.002 1B5I 13.357 7.697 -7.027
1B32 13.609 8.829 -6.242 1B5I 13.55 8.831 -6.27
1B32 0.199 3.082 24.417 1B5I 0.128 3.197 24.545
1B32 4.381 0.833 27.509 1B5I 4.281 0.933 27.663
1B32 5.318 -0.107 27.534 1B5I 5.276 0.046 27.712
1B3F 11.076 2.509 13.666 1B5I 10.987 2.505 13.767
1B3G -17.076 24.825 -2.042 1B5I -17.089 24.813 -2.048
1B5J 5.316 1.618 19.638 1B5I 5.112 1.794 19.943
1QKB 0.17 3.138 24.413 1B5I 0.128 3.197 24.545
1B46 29.913 18.305 -3.79 1B5J 30.01 18.273 -3.733
1B4Z 7.421 4.734 13.567 1B5J 7.429 4.752 13.541
1B4Z 10.053 8.694 12.951 1B5J 10.06 8.718 12.918
1B4Z 29.649 8.47 -3.062 1B5J 29.638 8.503 -3.105
1B4Z 9.027 6.541 13.501 1B5J 9.086 6.531 13.496
1B4Z 19.283 18.409 25.627 1B5J 19.333 18.427 25.583
1B4Z 17.167 14.215 24.507 1B5J 17.148 14.225 24.429
1B4Z 21 13.159 19.212 1B5J 20.936 13.119 19.167
1B51 32.824 9.381 6.791 1B5J 32.798 9.487 6.668
1B51 34.842 12.781 6.956 1B5J 34.691 12.887 6.934
1B5I 5.112 1.794 19.943 1B5J 5.316 1.618 19.638
1B9J 10.069 8.734 12.954 1B5J 10.06 8.718 12.918
1B9J 7.427 6.789 -11.826 1B5J 7.423 6.8 -11.892
1QKA 19.322 23.138 16.475 1B5J 19.155 23.231 16.306
1QKA 7.268 4.901 13.814 1B5J 7.429 4.752 13.541
1B32 8.039 12.729 0.532 1B9J 8.05 12.704 0.483
1B32 13.46 7.123 -2.085 1B9J 13.508 7.131 -2.155
1B32 12.541 14.029 -11.93 1B9J 12.515 13.98 -12.001
1B32 13.715 16.91 -5.518 1B9J 13.744 16.954 -5.596
1B32 14.281 8.809 -8.998 1B9J 14.274 8.829 -9.09
1B32 10.262 9.147 -1.848 1B9J 10.248 9.142 -1.945
1B32 11.574 11.211 0.101 1B9J 11.625 11.175 0.008
1B32 12.295 12.272 -3.424 1B9J 12.293 12.3 -3.538
1B32 -4.744 9.243 16.992 1B9J -4.659 9.164 16.95
1B3F 13.359 7.768 -7.058 1B9J 13.35 7.755 -7.112
1B3F -4.719 9.267 17.024 1B9J -4.659 9.164 16.95
1B3F 2.479 2.053 17.937 1B9J 2.551 1.957 17.843
1B3F -2.473 7.256 18.52 1B9J -2.469 7.081 18.51
1B3F -0.675 4.172 17.868 1B9J -0.625 4.032 17.764
1B3F -0.839 3.492 19.045 1B9J -0.742 3.358 18.961
1B3F -3.571 6.474 -7.657 1B9J -3.536 6.249 -7.666
1B3F -4.451 1.587 -8.69 1B9J -4.291 1.417 -8.671
1B3G 13.572 8.809 -6.143 1B9J 13.543 8.876 -6.34
1B46 9.984 8.651 12.831 1B9J 10.069 8.734 12.954
1B4Z 31.829 10.357 -4.657 1B9J 31.851 10.381 -4.647
1B4Z 10.053 8.694 12.951 1B9J 10.069 8.734 12.954
1B4Z -5.201 28.834 2.993 1B9J -5.202 28.872 2.97
1B4Z 32.245 9.215 -4.927 1B9J 32.259 9.244 -4.958
1B4Z 7.17 11.788 -5.022 1B9J 7.195 11.828 -4.994
1B4Z -0.158 12.833 0.851 1B9J -0.112 12.866 0.832
1B4Z 2.835 5.197 0.344 1B9J 2.864 5.256 0.344
1B4Z 28.694 19.676 -1.86 1B9J 28.754 19.712 -1.896
1B4Z 26.718 20.388 0.546 1B9J 26.799 20.419 0.532
1B4Z 1.391 12.644 6.515 1B9J 1.458 12.694 6.565
1B51 7.382 4.749 13.689 1B9J 7.492 4.738 13.597
1B5J 10.06 8.718 12.918 1B9J 10.069 8.734 12.954
1B5J 7.423 6.8 -11.892 1B9J 7.427 6.789 -11.826
1JEV 33.231 14.314 0.587 1B9J 33.271 14.322 0.606
1JEV 26.523 18.43 -4.162 1B9J 26.521 18.464 -4.202
1JEV 30.298 16.177 -7.074 1B9J 30.363 16.18 -7.122
1QKA 18.391 29.142 15.381 1B9J 18.201 29.26 15.26
1QKA 8.652 2.062 18.753 1B9J 8.791 1.95 18.541
1QKA 7.268 4.901 13.814 1B9J 7.492 4.738 13.597
1QKA 12.526 4.182 17.986 1B9J 12.739 4.099 17.711
1QKB -1.565 11.416 -12.305 1B9J -1.559 11.293 -12.315
1QKB 9.557 7.954 -8.218 1B9J 9.585 8.069 -8.333
1B4Z 10.43 3.174 6.743 1JET 10.272 3.234 6.782
1B4Z 33.182 14.274 0.575 1JET 32.96 14.203 0.561
1QKB 2.16 4.585 11.461 1JET 2.078 4.533 11.385
1B4Z 29.989 18.322 -3.647 1JEU 30.385 18.533 -3.663
1B4Z 31.188 17.634 -3.601 1JEU 31.59 17.856 -3.588
1JEV 24.333 20.163 -0.675 1JEU 24.594 20.42 -0.753
1JEV 27.94 3.835 8.767 1JEU 28.364 3.921 8.737
1JEV 33.866 10.335 2.71 1JEU 34.236 10.604 2.634
1JEV 29.687 8.494 -2.884 1JEU 30.08 8.725 -2.997
1JEV 32.599 14.345 5.175 1JEU 33.011 14.59 5.157
1B3F 14.269 8.878 -9.034 1JEV 14.3 8.876 -9.055
1B3F 13.359 7.768 -7.058 1JEV 13.425 7.783 -7.072
1B4Z 33.212 11.583 0.004 1JEV 33.227 11.598 0.026
1B4Z 24.299 20.12 -0.689 1JEV 24.333 20.163 -0.675
1B4Z 23.1 19.929 -4.031 1JEV 23.156 19.919 -4.027
1B4Z 33.182 14.274 0.575 1JEV 33.231 14.314 0.587
1B4Z 28.694 19.676 -1.86 1JEV 28.743 19.66 -1.817
1B4Z 34.589 11.692 -1.998 1JEV 34.624 11.718 -1.945
1B4Z 31.26 14.824 4.818 1JEV 31.194 14.817 4.843
1B51 30.09 18.107 -3.563 1JEV 30.041 18.263 -3.572
1B51 31.836 17.534 -2.344 1JEV 31.735 17.67 -2.315
1B51 31.033 18.281 -1.588 1JEV 30.931 18.423 -1.585
1B51 34.674 11.541 -1.909 1JEV 34.624 11.718 -1.945
1B9J 33.271 14.322 0.606 1JEV 33.231 14.314 0.587
1B9J 26.521 18.464 -4.202 1JEV 26.523 18.43 -4.162
1B9J 30.363 16.18 -7.122 1JEV 30.298 16.177 -7.074
1JEU 24.594 20.42 -0.753 1JEV 24.333 20.163 -0.675
1JEU 28.364 3.921 8.737 1JEV 27.94 3.835 8.767
1JEU 34.236 10.604 2.634 1JEV 33.866 10.335 2.71
1JEU 30.08 8.725 -2.997 1JEV 29.687 8.494 -2.884
1JEU 33.011 14.59 5.157 1JEV 32.599 14.345 5.175
2QI9 75.972 18.193 36.668 1N2Z 22.333 28.177 66.489
1OXX 16.006 -20.993 14.048 1OXS 15.602 -20.857 14.093
1OXS 15.602 -20.857 14.093 1OXX 16.006 -20.993 14.048
1B32 12.541 14.029 -11.93 1QKA 12.473 14.024 -11.888
1B32 10.479 7.682 -10.187 1QKA 10.401 7.703 -10.126
1B51 17.298 11.156 14.147 1QKA 17.219 11.045 14.196
1B51 18.959 1.804 14.178 1QKA 18.836 1.692 14.23
1B51 13.59 5.474 11.319 1QKA 13.449 5.505 11.418
1B51 12.666 4.151 17.885 1QKA 12.526 4.182 17.986
1B51 15.916 3.607 14.98 1QKA 15.788 3.513 15.097
1B51 14.661 0.515 9.409 1QKA 14.494 0.474 9.527
1B5J 19.155 23.231 16.306 1QKA 19.322 23.138 16.475
1B5J 7.429 4.752 13.541 1QKA 7.268 4.901 13.814
1B9J 18.201 29.26 15.26 1QKA 18.391 29.142 15.381
1B9J 8.791 1.95 18.541 1QKA 8.652 2.062 18.753
1B9J 7.492 4.738 13.597 1QKA 7.268 4.901 13.814
1B9J 12.739 4.099 17.711 1QKA 12.526 4.182 17.986
1B32 -0.192 2.114 19.273 1QKB -0.197 2.115 19.274
1B32 -0.813 3.48 19.107 1QKB -0.816 3.484 19.099
1B32 32.085 24.815 16.799 1QKB 32.082 24.829 16.801
1B32 30.229 24.934 13.128 1QKB 30.228 24.94 13.114
1B32 -1.245 22.43 -10.288 1QKB -1.258 22.427 -10.298
1B32 -1.491 4.12 20.152 1QKB -1.488 4.103 20.162
1B32 -5.152 5.225 12.244 1QKB -5.159 5.204 12.239
1B32 -0.277 14.416 -12.718 1QKB -0.268 14.42 -12.696
1B32 0.732 12.406 -11.911 1QKB 0.717 12.397 -11.892
1B32 0.159 17.839 -14.508 1QKB 0.179 17.823 -14.503
1B32 -7.057 4.364 7.989 1QKB -7.045 4.355 7.967
1B32 26.839 20.207 0.671 1QKB 26.849 20.219 0.693
1B32 -4.744 9.243 16.992 1QKB -4.741 9.244 17.02
1B32 24.385 19.993 -0.58 1QKB 24.406 19.972 -0.584
1B32 -4.474 3.088 12.902 1QKB -4.484 3.073 12.932
1B32 5.23 1.718 19.844 1QKB 5.219 1.748 19.861
1B32 23.129 19.263 -7.553 1QKB 23.124 19.295 -7.576
1B32 3.278 12.31 -12.991 1QKB 3.269 12.345 -12.965
1B32 0.114 9.083 31.072 1QKB 0.112 9.13 31.073
1B3F -4.719 9.267 17.024 1QKB -4.741 9.244 17.02
1B3F 10.208 3.408 1.213 1QKB 10.182 3.381 1.264
1B3F -19.003 20.84 -0.774 1QKB -19.004 20.785 -0.825
1B3F 13.762 16.972 -5.51 1QKB 13.748 16.892 -5.53
1B3F 11.548 11.199 0.078 1QKB 11.567 11.152 0.152
1B3F 16.927 6.646 -7.375 1QKB 16.944 6.568 -7.333
1B3F -3.719 5.185 -12.461 1QKB -3.697 5.098 -12.451
1B3F 9.718 14.23 -13.291 1QKB 9.75 14.123 -13.241
1B3F -0.263 14.536 -12.746 1QKB -0.268 14.42 -12.696
1B3F 3.269 12.468 -13.015 1QKB 3.269 12.345 -12.965
1B51 1.488 5.222 -8.326 1QKB 1.524 5.264 -8.319
1B51 -3.763 5.064 -12.491 1QKB -3.697 5.098 -12.451
1B5I 0.128 3.197 24.545 1QKB 0.17 3.138 24.413
1B9J -1.559 11.293 -12.315 1QKB -1.565 11.416 -12.305
1B9J 9.585 8.069 -8.333 1QKB 9.557 7.954 -8.218
1JET 2.078 4.533 11.385 1QKB 2.16 4.585 11.461
1TLY -16.516 70.782 16.457 1TLW -16.756 71.053 16.583
1TLW -16.756 71.053 16.583 1TLY -16.516 70.782 16.457
1U7C 36.652 3.898 42.436 1U77 36.679 3.884 42.492
1U7C 74.191 12.991 44.84 1U77 74.248 12.972 44.798
1U7C 68.21 21.603 32.926 1U77 68.311 21.68 32.956
1U77 36.679 3.884 42.492 1U7C 36.652 3.898 42.436
1U77 74.248 12.972 44.798 1U7C 74.191 12.991 44.84
1U77 68.311 21.68 32.956 1U7C 68.21 21.603 32.926
1U7G 62.518 -14.638 -25.044 1U7C 62.137 14.458 25.003
1U7G 57.195 -17.283 -26.246 1U7C 56.679 17.055 26.197
1U7G 68.735 -0.469 -33.167 1U7C 68.242 0.229 33.166
1U7G 38.027 -10.744 -32.654 1U7C 37.592 10.536 32.666
1U7G 62.276 -22.083 -27.607 1U7C 61.242 23.245 27.32
1U7G 63.395 -18.483 -30.791 1U7C 62.91 18.245 30.729
1U7G 61.101 -20.856 -29.281 1U7C 60.652 20.624 29.243
1U7G 36.639 -11.765 -36.831 1U7C 36.127 11.552 36.805
1U7G 38.939 -11.14 -37.16 1U7C 38.469 10.998 37.158
1U7G 37.629 -11.166 -37.811 1U7C 37.152 10.98 37.773
2NPD 26.395 18.51 16.806 1U7C 71.7 8.361 33.194
2NPJ 32.157 32.312 20.232 1U7C 75.077 15.501 33.285
2NPJ 32.157 32.312 20.232 1U7C 75.057 13.314 39.158
2NS1 -19.906 22.188 85.221 1U7C 74.053 13.545 40.277
1U7C 62.137 14.458 25.003 1U7G 62.518 -14.638 -25.044
1U7C 56.679 17.055 26.197 1U7G 57.195 -17.283 -26.246
1U7C 68.242 0.229 33.166 1U7G 68.735 -0.469 -33.167
1U7C 37.592 10.536 32.666 1U7G 38.027 -10.744 -32.654
1U7C 61.242 23.245 27.32 1U7G 62.276 -22.083 -27.607
1U7C 62.91 18.245 30.729 1U7G 63.395 -18.483 -30.791
1U7C 60.652 20.624 29.243 1U7G 61.101 -20.856 -29.281
1U7C 36.127 11.552 36.805 1U7G 36.639 -11.765 -36.831
1U7C 38.469 10.998 37.158 1U7G 38.939 -11.14 -37.16
1U7C 37.152 10.98 37.773 1U7G 37.629 -11.166 -37.811
2HXF 40.706 90.682 76.796 1VFV 12.666 20.792 30.708
2HXF 51.959 66.621 60.528 1VFV -11.041 22.733 10.597
2HXF 42.737 91.625 77.927 1VFV 12.395 18.51 31.712
2HXF 52.247 63.152 61.551 1VFV -14.371 24.052 11.168
2HXF 42.298 93.764 74.735 1VFV 14.965 18.035 28.861
2HXF 53.577 62.902 55.862 1VFV -14.315 23.231 5.377
2HXF 43.313 93.338 73.996 1VFV 14.244 17.368 27.972
2HXF 44.117 91.754 78.058 1VFV 11.861 17.225 31.708
2HXF 53.287 66.18 60.818 1VFV -12.074 21.753 10.685
2HXF 53.391 64.768 60.241 1VFV -13.272 22.343 9.939
2HXF 53.629 64.879 58.805 1VFV -13.06 22.142 8.51
2HXF 54.38 62.803 58.75 1VFV -15.215 22.447 8.13
2HXF 44.562 93.508 74.422 1VFV 13.758 16.167 28.277
2HXF 45.743 93.066 73.688 1VFV 12.946 15.361 27.371
2HXF 44.533 94.046 82.767 1VFV 12.954 15.593 36.581
2HXF 47.397 92.147 84.011 1VFV 9.793 13.892 37.272
2HXF 47.242 93.653 75.623 1VFV 12.482 13.68 29.187
2HXF 48.458 94.453 76.107 1VFV 12.555 12.213 29.627
2HXF 48.152 95.438 78.272 1VFV 13.222 11.934 31.913
1VRV 120.318 -13.751 -19.075 1VKR 318.061 186.082 181.02
1VRV 121.356 25.121 -27.797 1VKR 323.092 224.705 170.809
1VRV 122.021 24.301 -28.556 1VKR 322.02 224.3 171.442
1VRV 121.133 5.09 -3.894 1VKR 321.132 205.089 196.104
1VRV 111.861 -1.074 -29.885 1VKR 311.86 198.925 170.113
1VRV 117.736 -11.48 -20.219 1VKR 317.736 188.518 179.779
1VRV 118.134 -5.62 -31.84 1VKR 318.134 194.378 168.158
1VRV 120.563 20.243 -24.59 1VKR 320.562 220.242 175.408
1VRV 108.36 -0.644 -31.634 1VKR 308.359 199.354 168.365
1VRV 121.489 -3.088 -12.659 1VKR 321.489 196.91 187.339
1VRV 115.646 -7.014 -16.319 1VKR 315.645 192.985 183.68
1VRV 123.288 9.902 -8.381 1VKR 323.287 209.902 191.617
1VRV 109.666 -6.347 -22.09 1VKR 309.666 193.652 177.908
1VRV 118.486 17.302 -18.819 1VKR 318.485 217.302 181.179
1VRV 123.055 18.438 -13.972 1VKR 323.054 218.438 186.026
1VRV 125.202 -0.867 -11.501 1VKR 325.201 199.132 188.498
1VRV 117.68 -8.262 -22.302 1VKR 317.68 191.736 177.697
1VRV 122.771 4.249 -8.744 1VKR 322.77 204.248 191.255
1VRV 126.008 19.729 -18.711 1VKR 326.007 219.729 181.287
2FEW 126.644 0.671 -11.88 1VKR 324.054 192.119 185.57
2FEW 124.629 1.113 -13.027 1VKR 322.368 193.054 184.21
2FEW 111.898 12.609 -31.582 1VKR 315.131 204.824 163.052
2FEW 109.662 0.898 -25.888 1VKR 308.575 196.024 170.408
2FEW 108.921 1.166 -24.576 1VKR 307.977 196.781 171.598
2FEW 111.559 10.954 -25.365 1VKR 314.126 204.582 169.408
2FEW 109.44 8.335 -25.023 1VKR 311.167 203.042 170.011
1VKR 318.061 186.082 181.02 1VRV 120.318 -13.751 -19.075
1VKR 323.092 224.705 170.809 1VRV 121.356 25.121 -27.797
1VKR 322.02 224.3 171.442 1VRV 122.021 24.301 -28.556
1VKR 321.132 205.089 196.104 1VRV 121.133 5.09 -3.894
1VKR 311.86 198.925 170.113 1VRV 111.861 -1.074 -29.885
1VKR 317.736 188.518 179.779 1VRV 117.736 -11.48 -20.219
1VKR 318.134 194.378 168.158 1VRV 118.134 -5.62 -31.84
1VKR 320.562 220.242 175.408 1VRV 120.563 20.243 -24.59
1VKR 308.359 199.354 168.365 1VRV 108.36 -0.644 -31.634
1VKR 321.489 196.91 187.339 1VRV 121.489 -3.088 -12.659
1VKR 315.645 192.985 183.68 1VRV 115.646 -7.014 -16.319
1VKR 323.287 209.902 191.617 1VRV 123.288 9.902 -8.381
1VKR 309.666 193.652 177.908 1VRV 109.666 -6.347 -22.09
1VKR 318.485 217.302 181.179 1VRV 118.486 17.302 -18.819
1VKR 323.054 218.438 186.026 1VRV 123.055 18.438 -13.972
1VKR 325.201 199.132 188.498 1VRV 125.202 -0.867 -11.501
1VKR 317.68 191.736 177.697 1VRV 117.68 -8.262 -22.302
1VKR 322.77 204.248 191.255 1VRV 122.771 4.249 -8.744
1VKR 326.007 219.729 181.287 1VRV 126.008 19.729 -18.711
2FEW 106.458 3.822 -20.854 1VRV 106.654 0.795 -25.381
2FEW 106.828 3.332 -22.229 1VRV 106.829 -0.039 -26.621
2FEW 108.035 2.39 -22.076 1VRV 107.589 -1.315 -26.219
2FEW 104.086 8.119 -22.264 1VRV 106.097 5.326 -27.669
2FEW 123.364 0.337 -13.395 1VRV 122.369 -6.946 -15.788
2FEW 121.877 9.159 -10.815 1VRV 122.833 1.807 -15.17
2FEW 125.184 -0.907 -11.951 1VRV 122.106 -8.795 -14.35
2FEW 124.629 1.113 -13.027 1VRV 122.369 -6.946 -15.788
2FEW 125.563 0.217 -12.218 1VRV 122.886 -7.955 -14.77
2FEW 103.873 15.649 -26.611 1VRV 108.791 11.468 -33.208
2JZN 2.046 -1.465 22.174 1VSQ 2.046 -1.465 22.174
2JZN -1.761 -4.426 21.127 1VSQ -1.761 -4.426 21.127
2JZN 8.381 -21.912 3.158 1VSQ 8.381 -21.912 3.158
2JZN 0.536 -5.396 21.238 1VSQ 0.536 -5.396 21.238
2JZN 13.175 -23.12 5.425 1VSQ 13.175 -23.12 5.425
2JZN 10.678 -24.111 4.914 1VSQ 10.678 -24.111 4.914
2JZN 4.202 35.936 -21.996 1VSQ 4.202 35.936 -21.996
2JZN 6.065 0.643 18.785 1VSQ 6.065 0.643 18.785
2JZN 6.822 29.134 -15.968 1VSQ 6.822 29.134 -15.968
2JZN 9.083 -22.207 4.44 1VSQ 9.083 -22.207 4.44
2JZN 15.982 -22.153 4.067 1VSQ 15.982 -22.153 4.067
2JZN 14.694 -20.069 4.348 1VSQ 14.694 -20.069 4.348
2JZN 7.522 0.442 18.497 1VSQ 7.522 0.442 18.497
2JZN 14.131 -21.521 6.592 1VSQ 14.131 -21.521 6.592
2JZN 8.229 35.43 -20.919 1VSQ 8.229 35.43 -20.919
2JZN 6.788 34.673 -21.753 1VSQ 6.788 34.673 -21.753
2JZN 9.225 -23.733 4.603 1VSQ 9.225 -23.733 4.603
2JZN 13.078 -25.065 6.943 1VSQ 13.078 -25.065 6.943
2JZN 5.736 2.141 18.639 1VSQ 5.736 2.141 18.639
2JZO 13.848 0.338 -15.899 1VSQ 13.819 0.349 -15.899
2JZO 10.253 -2.461 -13.253 1VSQ 10.25 -2.486 -13.23
2JZO 1.468 -1.712 0.745 1VSQ 1.421 -1.733 0.731
2JZO 11.906 -4.21 -12.722 1VSQ 11.942 -4.201 -12.68
2JZO 3.825 -2.816 4.81 1VSQ 3.78 -2.753 4.816
2JZO -2.394 -5.782 1.735 1VSQ -2.374 -5.856 1.753
2JZO 5.761 -3.551 -11.407 1VSQ 5.783 -3.625 -11.39
2JZO 11.333 -6.35 -13.659 1VSQ 11.406 -6.355 -13.595
2JZO 15.305 -3.733 -11.262 1VSQ 15.324 -3.645 -11.215
2JZO 7.813 -6.678 -13.173 1VSQ 7.892 -6.738 -13.116
2JZO 17.259 -5.052 -12.845 1VSQ 17.309 -4.947 -12.779
2JZO 11.571 -8.76 -15.152 1VSQ 11.694 -8.774 -15.067
2JZO 13.939 -8.234 -15.614 1VSQ 14.055 -8.217 -15.517
2JZO 16.253 -7.987 -15.975 1VSQ 16.364 -7.932 -15.878
2JZO 7.886 -7.498 -17.139 1VSQ 7.991 -7.598 -17.075
2JZO 10.458 -9.456 -15.423 1VSQ 10.592 -9.498 -15.315
2JZO 7.461 -8.6 -16.773 1VSQ 7.584 -8.703 -16.694
2JZO -5.143 -1.151 -3.296 1VSQ -5.184 -1.328 -3.336
2JZO 10.451 -10.567 -15.946 1VSQ 10.602 -10.611 -15.843
2NOP 25.725 24.497 9.574 1XQE 5.989 37.904 4.846
2NOP 24.728 24.596 10.725 1XQE 8.218 38.426 -2.075
2NOP 22.635 15.484 5.268 1XQF 23.069 15.418 5.522
2B2I 4.625 -6.5 -53.56 2B2H 4.571 6.487 6.947
2B2H 4.571 6.487 6.947 2B2I 4.625 -6.5 -53.56
2EZ0 30.5 26.757 -8.262 2EXY 30.92 26.736 -8.149
2EZ0 30.783 33.444 -15.789 2EXY 31.381 33.206 -15.881
2EZ0 35.53 25.062 -9.001 2EXY 36.019 25.173 -8.581
2EZ0 42.944 35.497 -10.192 2EXY 43.112 35.776 -9.569
2EZ0 35.425 27.739 -11.715 2EXY 36.015 27.767 -11.277
2EZ0 33.651 33.686 -18.927 2EXY 34.416 33.49 -18.858
2EZ0 41.208 36.138 -18.708 2EXY 41.819 36.217 -18.117
2EZ0 41.719 32.452 -16.062 2EXY 42.345 32.558 -15.484
2EZ0 40.03 32.791 -17.844 2EXY 40.743 32.821 -17.333
2EZ0 42.303 34.283 -18.145 2EXY 42.956 34.403 -17.535
2EZ0 -2.868 -9.088 38.339 2EXY -3.697 -9.416 38.005
2EZ0 -1.282 20.125 16.656 2EXY -2.339 20.284 17.031
2EZ0 -50.208 38.256 32.276 2EXY -51.312 38.011 32.589
2EZ0 -2.569 22.535 17.181 2EXY -3.678 22.648 17.66
2EZ0 -48.848 39.838 37.671 2EXY -50.083 39.541 37.886
2EZ0 -51.761 38.069 40.175 2EXY -53.036 37.838 40.402
2EZ0 -28.99 46.495 41.04 2EXY -30.062 45.787 41.611
2EZ0 -31.364 48.847 43.618 2EXY -32.452 48.088 44.089
2EZ0 -32.585 48.384 42.812 2EXY -33.728 47.687 43.277
2EXY 30.92 26.736 -8.149 2EZ0 30.5 26.757 -8.262
2EXY 31.381 33.206 -15.881 2EZ0 30.783 33.444 -15.789
2EXY 36.019 25.173 -8.581 2EZ0 35.53 25.062 -9.001
2EXY 43.112 35.776 -9.569 2EZ0 42.944 35.497 -10.192
2EXY 36.015 27.767 -11.277 2EZ0 35.425 27.739 -11.715
2EXY 34.416 33.49 -18.858 2EZ0 33.651 33.686 -18.927
2EXY 41.819 36.217 -18.117 2EZ0 41.208 36.138 -18.708
2EXY 42.345 32.558 -15.484 2EZ0 41.719 32.452 -16.062
2EXY 40.743 32.821 -17.333 2EZ0 40.03 32.791 -17.844
2EXY 42.956 34.403 -17.535 2EZ0 42.303 34.283 -18.145
2EXY -3.697 -9.416 38.005 2EZ0 -2.868 -9.088 38.339
2EXY -2.339 20.284 17.031 2EZ0 -1.282 20.125 16.656
2EXY -51.312 38.011 32.589 2EZ0 -50.208 38.256 32.276
2EXY -3.678 22.648 17.66 2EZ0 -2.569 22.535 17.181
2EXY -50.083 39.541 37.886 2EZ0 -48.848 39.838 37.671
2EXY -53.036 37.838 40.402 2EZ0 -51.761 38.069 40.175
2EXY -30.062 45.787 41.611 2EZ0 -28.99 46.495 41.04
2EXY -32.452 48.088 44.089 2EZ0 -31.364 48.847 43.618
2EXY -33.728 47.687 43.277 2EZ0 -32.585 48.384 42.812
1VKR 324.054 192.119 185.57 2FEW 126.644 0.671 -11.88
1VKR 322.368 193.054 184.21 2FEW 124.629 1.113 -13.027
1VKR 315.131 204.824 163.052 2FEW 111.898 12.609 -31.582
1VKR 308.575 196.024 170.408 2FEW 109.662 0.898 -25.888
1VKR 307.977 196.781 171.598 2FEW 108.921 1.166 -24.576
1VKR 314.126 204.582 169.408 2FEW 111.559 10.954 -25.365
1VKR 311.167 203.042 170.011 2FEW 109.44 8.335 -25.023
1VRV 106.654 0.795 -25.381 2FEW 106.458 3.822 -20.854
1VRV 106.829 -0.039 -26.621 2FEW 106.828 3.332 -22.229
1VRV 107.589 -1.315 -26.219 2FEW 108.035 2.39 -22.076
1VRV 106.097 5.326 -27.669 2FEW 104.086 8.119 -22.264
1VRV 122.369 -6.946 -15.788 2FEW 123.364 0.337 -13.395
1VRV 122.833 1.807 -15.17 2FEW 121.877 9.159 -10.815
1VRV 122.106 -8.795 -14.35 2FEW 125.184 -0.907 -11.951
1VRV 122.369 -6.946 -15.788 2FEW 124.629 1.113 -13.027
1VRV 122.886 -7.955 -14.77 2FEW 125.563 0.217 -12.218
1VRV 108.791 11.468 -33.208 2FEW 103.873 15.649 -26.611
2FFA 241.546 26.141 -15.836 2FF7 157.151 66.051 -53.111
2FF7 157.151 66.051 -53.111 2FFA 241.546 26.141 -15.836
1VFV 12.666 20.792 30.708 2HXF 40.706 90.682 76.796
1VFV -11.041 22.733 10.597 2HXF 51.959 66.621 60.528
1VFV 12.395 18.51 31.712 2HXF 42.737 91.625 77.927
1VFV -14.371 24.052 11.168 2HXF 52.247 63.152 61.551
1VFV 14.965 18.035 28.861 2HXF 42.298 93.764 74.735
1VFV -14.315 23.231 5.377 2HXF 53.577 62.902 55.862
1VFV 14.244 17.368 27.972 2HXF 43.313 93.338 73.996
1VFV 11.861 17.225 31.708 2HXF 44.117 91.754 78.058
1VFV -12.074 21.753 10.685 2HXF 53.287 66.18 60.818
1VFV -13.272 22.343 9.939 2HXF 53.391 64.768 60.241
1VFV -13.06 22.142 8.51 2HXF 53.629 64.879 58.805
1VFV -15.215 22.447 8.13 2HXF 54.38 62.803 58.75
1VFV 13.758 16.167 28.277 2HXF 44.562 93.508 74.422
1VFV 12.946 15.361 27.371 2HXF 45.743 93.066 73.688
1VFV 12.954 15.593 36.581 2HXF 44.533 94.046 82.767
1VFV 9.793 13.892 37.272 2HXF 47.397 92.147 84.011
1VFV 12.482 13.68 29.187 2HXF 47.242 93.653 75.623
1VFV 12.555 12.213 29.627 2HXF 48.458 94.453 76.107
1VFV 13.222 11.934 31.913 2HXF 48.152 95.438 78.272
2HXH 43.616 49.811 79.461 2HXF 43.616 49.811 79.461
2HXH 30.865 47.148 102.545 2HXF 30.865 47.148 102.545
2HXH 44.377 48.152 102.058 2HXF 44.377 48.152 102.058
2HXH 36.715 49.766 106.392 2HXF 36.715 49.766 106.392
2HXH 39.133 51.858 102.808 2HXF 39.133 51.858 102.808
2HXH 31.121 51.956 102.551 2HXF 31.121 51.956 102.551
2HXH 28.274 56.626 89.591 2HXF 28.274 56.626 89.591
2HXH 18.672 49.733 72.049 2HXF 18.672 49.733 72.049
2HXH 18.239 54.62 67.217 2HXF 18.239 54.62 67.217
2HXH 44.567 54.362 97.051 2HXF 44.567 54.362 97.051
2HXH 37.525 48.179 101.495 2HXF 37.525 48.179 101.495
2HXH 20.504 57.341 103.056 2HXF 20.504 57.341 103.056
2HXH 35.791 47.366 103.153 2HXF 35.791 47.366 103.153
2HXH 42.75 57.471 96.603 2HXF 42.75 57.471 96.603
2HXH 33.305 44.575 96.513 2HXF 33.305 44.575 96.513
2HXH 28.514 51.124 100.259 2HXF 28.514 51.124 100.259
2HXH 16.569 55.798 68.745 2HXF 16.569 55.798 68.745
2HXH 42.192 44.768 70.452 2HXF 42.192 44.768 70.452
2HXH 28.063 55.978 88.541 2HXF 28.063 55.978 88.541
2HXF 33.237 18.628 62.955 2HXH 33.237 18.628 62.955
2HXF 42.513 53.056 35.626 2HXH 42.513 53.056 35.626
2HXF 35.548 18.325 67.811 2HXH 35.548 18.325 67.811
2HXF 43.736 52.18 35.334 2HXH 43.736 52.18 35.334
2HXF 43.637 51.145 40.354 2HXH 43.637 51.145 40.354
2HXF 37.762 13.02 68.801 2HXH 37.762 13.02 68.801
2HXF 37.34 11.815 68.404 2HXH 37.34 11.815 68.404
2HXF 40.458 51.365 34.826 2HXH 40.458 51.365 34.826
2HXF 37.707 15.515 69.129 2HXH 37.707 15.515 69.129
2HXF 37.199 14.293 68.341 2HXH 37.199 14.293 68.341
2HXF 42.221 46.729 39.009 2HXH 42.221 46.729 39.009
2HXF 44.154 51.383 43.353 2HXH 44.154 51.383 43.353
2HXF 36.345 11.704 67.53 2HXH 36.345 11.704 67.53
2HXF 24.128 38.695 93.294 2HXH 24.128 38.695 93.294
2HXF 26.225 38.161 95.299 2HXH 26.225 38.161 95.299
2HXF 25.809 40.471 93.441 2HXH 25.809 40.471 93.441
2HXF 24.079 37.29 91.541 2HXH 24.079 37.29 91.541
2HXF 20.464 36.131 93.961 2HXH 20.464 36.131 93.961
2HXF 22.902 36.085 94.491 2HXH 22.902 36.085 94.491
2ONJ 134.046 42.834 101.632 2HYD 134.531 42.819 101.344
2ONJ 134.865 43.747 100.732 2HYD 135.356 43.717 100.425
2ONJ 158.095 43.627 108.679 2HYD 158.477 43.421 108.247
2ONJ 132.626 47.691 111.042 2HYD 133.173 47.59 110.763
2ONJ 153.121 47.318 107.867 2HYD 153.615 47.119 107.521
2ONJ 159.679 42.342 102.605 2HYD 160.11 42.102 102.18
2ONJ 107.231 55.75 119.835 2HYD 107.852 55.814 119.62
2ONJ 151.054 47.294 114.049 2HYD 151.533 47.069 113.642
2ONJ 129.986 50.252 96.994 2HYD 130.617 50.266 96.734
2ONJ 132.942 50.076 98.662 2HYD 133.557 50.067 98.365
2ONJ 134.371 50.426 98.285 2HYD 134.99 50.386 97.988
2ONJ 126.975 52.591 103.71 2HYD 127.644 52.598 103.533
2ONJ 132.442 82.785 106.143 2HYD 133.13 82.752 105.978
2ONJ 130.361 51.425 108.03 2HYD 130.994 51.293 107.726
2ONJ 156.343 44.103 111.476 2HYD 156.774 43.839 110.953
2ONJ 154.345 61.738 114.988 2HYD 154.947 61.444 114.641
2ONJ 108.707 61.209 115.262 2HYD 109.446 61.303 115.116
2ONJ 149.199 51.696 110.126 2HYD 149.828 51.504 109.746
2ONJ 108.269 59.903 115.486 2HYD 109.012 59.998 115.36
2I49 0.079 -8.996 -8.718 2I48 -0.017 -8.984 -8.762
2I49 -19.693 -2.486 -12.829 2I48 -19.813 -2.556 -12.848
2I49 2.236 -7.802 -19.106 2I48 2.096 -7.835 -19.118
2I49 5.703 -7.267 -9.475 2I48 5.565 -7.26 -9.519
2I49 0.953 -6.583 -11.454 2I48 0.773 -6.577 -11.463
2I49 -21.986 -5.637 -17.318 2I48 -22.153 -5.706 -17.344
2I49 -1.919 -11.994 -11.34 2I48 -2.092 -12.057 -11.388
2I49 -17.134 -7.264 -22.729 2I48 -17.384 -7.313 -22.763
2I49 -16.45 -6.243 -23.518 2I48 -16.707 -6.283 -23.548
2I49 -2.381 8.086 25.926 2I48 -2.082 8.093 25.927
2I49 -4.298 -1.57 22.266 2I48 -3.97 -1.598 22.281
2I4B 7.765 18.076 4.422 2I48 7.065 18.006 5.013
2I4B 6.618 20.18 5.116 2I48 5.929 20.113 5.727
2I4C 6.617 20.041 5.086 2I48 5.929 20.113 5.727
2I4C 6.522 19.683 6.552 2I48 5.749 19.729 7.181
2I48 -0.017 -8.984 -8.762 2I49 0.079 -8.996 -8.718
2I48 -19.813 -2.556 -12.848 2I49 -19.693 -2.486 -12.829
2I48 2.096 -7.835 -19.118 2I49 2.236 -7.802 -19.106
2I48 5.565 -7.26 -9.519 2I49 5.703 -7.267 -9.475
2I48 0.773 -6.577 -11.463 2I49 0.953 -6.583 -11.454
2I48 -22.153 -5.706 -17.344 2I49 -21.986 -5.637 -17.318
2I48 -2.092 -12.057 -11.388 2I49 -1.919 -11.994 -11.34
2I48 -17.384 -7.313 -22.763 2I49 -17.134 -7.264 -22.729
2I48 -16.707 -6.283 -23.548 2I49 -16.45 -6.243 -23.518
2I48 -2.082 8.093 25.927 2I49 -2.381 8.086 25.926
2I48 -3.97 -1.598 22.281 2I49 -4.298 -1.57 22.266
2I4B -19.812 -7.446 -17.125 2I49 -20.44 -7.769 -16.524
2I48 7.065 18.006 5.013 2I4B 7.765 18.076 4.422
2I48 5.929 20.113 5.727 2I4B 6.618 20.18 5.116
2I49 -20.44 -7.769 -16.524 2I4B -19.812 -7.446 -17.125
2I4C 11.107 16.596 14.286 2I4B 11.109 16.628 14.395
2I4C 5.311 22.629 8.821 2I4B 5.284 22.732 8.887
2I4C 10.559 15.512 15.196 2I4B 10.559 15.555 15.315
2I4C 6.446 21.933 11.277 2I4B 6.493 22.041 11.329
2I4C 3.749 22.733 1.952 2I4B 3.809 22.85 1.932
2I4C 4.528 23.908 1.379 2I4B 4.597 24.017 1.34
2I4C 6.256 20.465 11.503 2I4B 6.206 20.586 11.555
2I4C 6.617 20.041 5.086 2I4B 6.618 20.18 5.116
2I4C 4.09 22.538 8.583 2I4B 4.058 22.663 8.645
2I4C 10.619 18.916 10.116 2I4B 10.644 19.021 10.211
2I4C 6.522 19.683 6.552 2I4B 6.48 19.832 6.574
2I48 5.929 20.113 5.727 2I4C 6.617 20.041 5.086
2I48 5.749 19.729 7.181 2I4C 6.522 19.683 6.552
2I4B 11.109 16.628 14.395 2I4C 11.107 16.596 14.286
2I4B 5.284 22.732 8.887 2I4C 5.311 22.629 8.821
2I4B 10.559 15.555 15.315 2I4C 10.559 15.512 15.196
2I4B 6.493 22.041 11.329 2I4C 6.446 21.933 11.277
2I4B 3.809 22.85 1.932 2I4C 3.749 22.733 1.952
2I4B 4.597 24.017 1.34 2I4C 4.528 23.908 1.379
2I4B 6.206 20.586 11.555 2I4C 6.256 20.465 11.503
2I4B 6.618 20.18 5.116 2I4C 6.617 20.041 5.086
2I4B 4.058 22.663 8.645 2I4C 4.09 22.538 8.583
2I4B 10.644 19.021 10.211 2I4C 10.619 18.916 10.116
2I4B 6.48 19.832 6.574 2I4C 6.522 19.683 6.552
2JA3 45.386 52.011 77.509 2J9L 44.2 50.916 77.033
2JA3 44.323 53.768 76.485 2J9L 22.735 39.745 54.592
2JA3 45.386 52.011 77.509 2J9L 22.349 37.705 55.575
2J9L 44.2 50.916 77.033 2JA3 45.386 52.011 77.509
2J9L 22.735 39.745 54.592 2JA3 44.323 53.768 76.485
2J9L 22.349 37.705 55.575 2JA3 45.386 52.011 77.509
1VSQ 1.611 5.677 29.754 2JZN 1.611 5.677 29.754
1VSQ 1.488 6.318 27.649 2JZN 1.488 6.318 27.649
1VSQ -8.036 -5.719 17.909 2JZN -8.036 -5.719 17.909
1VSQ -7.242 -6.993 17.627 2JZN -7.242 -6.993 17.627
1VSQ -2.505 -9.237 15.458 2JZN -2.505 -9.237 15.458
1VSQ 1.57 2.066 25.721 2JZN 1.57 2.066 25.721
1VSQ -6.659 -9.895 17.368 2JZN -6.659 -9.895 17.368
1VSQ -2.033 -8.708 17.49 2JZN -2.033 -8.708 17.49
1VSQ -4.348 -4.872 18.111 2JZN -4.348 -4.872 18.111
1VSQ -1.215 -7.287 15.791 2JZN -1.215 -7.287 15.791
1VSQ -1.981 -8.513 16.29 2JZN -1.981 -8.513 16.29
1VSQ -0.34 0.226 26.475 2JZN -0.34 0.226 26.475
1VSQ -1.45 -0.503 27.201 2JZN -1.45 -0.503 27.201
1VSQ -2.253 -1.205 29.419 2JZN -2.253 -1.205 29.419
1VSQ -1.136 -0.638 28.649 2JZN -1.136 -0.638 28.649
1VSQ 0.105 -0.721 24.327 2JZN 0.105 -0.721 24.327
1VSQ -3.201 -1.707 28.809 2JZN -3.201 -1.707 28.809
1VSQ -4.761 -6.456 10.581 2JZN -4.761 -6.456 10.581
1VSQ -2.161 -1.167 30.652 2JZN -2.161 -1.167 30.652
2JZO 13.848 0.338 -15.899 2JZN 13.819 0.349 -15.899
2JZO 10.253 -2.461 -13.253 2JZN 10.25 -2.486 -13.23
2JZO 1.468 -1.712 0.745 2JZN 1.421 -1.733 0.731
2JZO 11.906 -4.21 -12.722 2JZN 11.942 -4.201 -12.68
2JZO -2.394 -5.782 1.735 2JZN -2.374 -5.856 1.753
2JZO 5.761 -3.551 -11.407 2JZN 5.783 -3.625 -11.39
2JZO 11.333 -6.35 -13.659 2JZN 11.406 -6.355 -13.595
2JZO 15.305 -3.733 -11.262 2JZN 15.324 -3.645 -11.215
2JZO 7.813 -6.678 -13.173 2JZN 7.892 -6.738 -13.116
2JZO 17.259 -5.052 -12.845 2JZN 17.309 -4.947 -12.779
2JZO 11.571 -8.76 -15.152 2JZN 11.694 -8.774 -15.067
2JZO 13.939 -8.234 -15.614 2JZN 14.055 -8.217 -15.517
2JZO 16.253 -7.987 -15.975 2JZN 16.364 -7.932 -15.878
2JZO 7.886 -7.498 -17.139 2JZN 7.991 -7.598 -17.075
2JZO 10.458 -9.456 -15.423 2JZN 10.592 -9.498 -15.315
2JZO 7.461 -8.6 -16.773 2JZN 7.584 -8.703 -16.694
2JZO -5.143 -1.151 -3.296 2JZN -5.184 -1.328 -3.336
2JZO 10.451 -10.567 -15.946 2JZN 10.602 -10.611 -15.843
2JZO -5.23 -1.325 25.902 2JZN -5.36 -1.19 25.867
1VSQ 13.819 0.349 -15.899 2JZO 13.848 0.338 -15.899
1VSQ 10.25 -2.486 -13.23 2JZO 10.253 -2.461 -13.253
1VSQ 1.421 -1.733 0.731 2JZO 1.468 -1.712 0.745
1VSQ 11.942 -4.201 -12.68 2JZO 11.906 -4.21 -12.722
1VSQ 3.78 -2.753 4.816 2JZO 3.825 -2.816 4.81
1VSQ -2.374 -5.856 1.753 2JZO -2.394 -5.782 1.735
1VSQ 5.783 -3.625 -11.39 2JZO 5.761 -3.551 -11.407
1VSQ 11.406 -6.355 -13.595 2JZO 11.333 -6.35 -13.659
1VSQ 15.324 -3.645 -11.215 2JZO 15.305 -3.733 -11.262
1VSQ 7.892 -6.738 -13.116 2JZO 7.813 -6.678 -13.173
1VSQ 17.309 -4.947 -12.779 2JZO 17.259 -5.052 -12.845
1VSQ 11.694 -8.774 -15.067 2JZO 11.571 -8.76 -15.152
1VSQ 14.055 -8.217 -15.517 2JZO 13.939 -8.234 -15.614
1VSQ 16.364 -7.932 -15.878 2JZO 16.253 -7.987 -15.975
1VSQ 7.991 -7.598 -17.075 2JZO 7.886 -7.498 -17.139
1VSQ 10.592 -9.498 -15.315 2JZO 10.458 -9.456 -15.423
1VSQ 7.584 -8.703 -16.694 2JZO 7.461 -8.6 -16.773
1VSQ -5.184 -1.328 -3.336 2JZO -5.143 -1.151 -3.296
1VSQ 10.602 -10.611 -15.843 2JZO 10.451 -10.567 -15.946
2JZN 13.819 0.349 -15.899 2JZO 13.848 0.338 -15.899
2JZN 10.25 -2.486 -13.23 2JZO 10.253 -2.461 -13.253
2JZN 1.421 -1.733 0.731 2JZO 1.468 -1.712 0.745
2JZN 11.942 -4.201 -12.68 2JZO 11.906 -4.21 -12.722
2JZN -2.374 -5.856 1.753 2JZO -2.394 -5.782 1.735
2JZN 5.783 -3.625 -11.39 2JZO 5.761 -3.551 -11.407
2JZN 11.406 -6.355 -13.595 2JZO 11.333 -6.35 -13.659
2JZN 15.324 -3.645 -11.215 2JZO 15.305 -3.733 -11.262
2JZN 7.892 -6.738 -13.116 2JZO 7.813 -6.678 -13.173
2JZN 17.309 -4.947 -12.779 2JZO 17.259 -5.052 -12.845
2JZN 11.694 -8.774 -15.067 2JZO 11.571 -8.76 -15.152
2JZN 14.055 -8.217 -15.517 2JZO 13.939 -8.234 -15.614
2JZN 16.364 -7.932 -15.878 2JZO 16.253 -7.987 -15.975
2JZN 7.991 -7.598 -17.075 2JZO 7.886 -7.498 -17.139
2JZN 10.592 -9.498 -15.315 2JZO 10.458 -9.456 -15.423
2JZN 7.584 -8.703 -16.694 2JZO 7.461 -8.6 -16.773
2JZN -5.184 -1.328 -3.336 2JZO -5.143 -1.151 -3.296
2JZN 10.602 -10.611 -15.843 2JZO 10.451 -10.567 -15.946
2JZN -5.36 -1.19 25.867 2JZO -5.23 -1.325 25.902
2NOP 53.113 29.486 11.543 2NMR 53.13 29.482 11.564
2NOP 53.404 26.469 26.334 2NMR 53.418 26.429 26.343
2NOP 50.937 25.575 23.299 2NMR 50.917 25.524 23.322
2NOP 49.856 28.573 22.266 2NMR 49.854 28.569 22.329
2NOP 52.969 30.333 10.461 2NMR 52.949 30.384 10.503
2NOP 51.702 30.813 10.111 2NMR 51.664 30.84 10.175
2NOW 63.672 2.54 3.874 2NMR 63.583 2.598 3.801
2NOW 62.817 4.677 2.858 2NMR 62.905 4.777 2.726
2NPD 26.768 27.822 13.531 2NMR 26.982 27.795 13.5
2NPD 33.116 31.865 20.371 2NMR 33.313 31.979 20.464
2NPD 31.59 31.931 20.211 2NMR 31.815 32.07 20.225
2NPD 25.047 26.43 16.511 2NMR 25.284 26.524 16.586
2NPD 34.557 27.208 20.35 2NMR 34.771 27.365 20.333
2NPD 35.235 29.381 23.802 2NMR 35.483 29.511 23.801
2NPG 32.948 30.659 9.887 2NMR 32.97 30.674 9.859
2NPG 33.298 27.489 18.187 2NMR 33.344 27.497 18.184
2NPG 25.292 26.479 16.6 2NMR 25.284 26.524 16.586
2NPJ 63.062 4.801 2.763 2NMR 62.905 4.777 2.726
2NPJ 33.56 31.01 16.736 2NMR 33.285 30.83 16.846
2NPK 27.219 14.529 15.315 2NMR 27.152 14.39 15.46
2NPK 22.868 15.423 5.105 2NMR 22.738 15.248 5.335
1XQE 5.989 37.904 4.846 2NOP 25.725 24.497 9.574
1XQE 8.218 38.426 -2.075 2NOP 24.728 24.596 10.725
1XQF 23.069 15.418 5.522 2NOP 22.635 15.484 5.268
2NMR 53.13 29.482 11.564 2NOP 53.113 29.486 11.543
2NMR 53.418 26.429 26.343 2NOP 53.404 26.469 26.334
2NMR 50.917 25.524 23.322 2NOP 50.937 25.575 23.299
2NMR 49.854 28.569 22.329 2NOP 49.856 28.573 22.266
2NMR 52.949 30.384 10.503 2NOP 52.969 30.333 10.461
2NMR 51.664 30.84 10.175 2NOP 51.702 30.813 10.111
2NOW 25.941 25.069 15.001 2NOP 25.909 25.1 14.979
2NOW 22.648 27.436 27.062 2NOP 22.638 27.516 27.052
2NOW 31.92 32.23 20.218 2NOP 31.861 32.291 20.163
2NOW 57.272 25.283 12.326 2NOP 57.25 25.24 12.229
2NOW 54.183 24.431 15.696 2NOP 54.092 24.447 15.628
2NOW 25.868 25.469 16.326 2NOP 25.802 25.548 16.274
2NOW 58.381 24.531 13.192 2NOP 58.341 24.468 13.093
2NOW 56.122 26.531 14.211 2NOP 56.097 26.562 14.079
2NOW 26.325 25.843 9.227 2NOP 26.198 25.902 9.18
2NOW 25.357 26.733 16.628 2NOP 25.285 26.818 16.518
2NOW 25.87 24.426 9.564 2NOP 25.725 24.497 9.574
2NPC 31.474 30.034 10.34 2NOP 31.722 30.225 10.262
2NPC 26.726 28.129 13.515 2NOP 27.059 28.215 13.454
2NPC 32.926 30.865 16.833 2NOP 33.229 31.018 16.746
2NPD 37.005 30.875 14.13 2NOP 37.236 31.097 14.059
2NPD 33.085 27.396 18.236 2NOP 33.276 27.724 18.166
2NPD 32.999 30.714 16.826 2NOP 33.229 31.018 16.746
2NPD 34.557 27.208 20.35 2NOP 34.729 27.562 20.281
2NPD 23.548 30.152 24.621 2NOP 23.926 30.322 24.504
2NPG 33.298 27.489 18.187 2NOP 33.276 27.724 18.166
2NPJ 26.163 25.111 14.918 2NOP 25.909 25.1 14.979
2NPJ 26.521 34.542 21.9 2NOP 26.26 34.613 21.878
2NPJ 26.072 25.551 16.218 2NOP 25.802 25.548 16.274
2NPJ 31.979 35.009 14.657 2NOP 31.705 35.014 14.713
2NPJ 24.215 30.312 24.521 2NOP 23.926 30.322 24.504
2NPJ 40.964 30.934 22.377 2NOP 40.687 30.844 22.395
2NPJ 47.436 34.955 27.718 2NOP 47.18 34.808 27.687
2NPJ 35.844 31.649 14.425 2NOP 35.555 31.584 14.461
2NPJ 49.631 35.333 35.449 2NOP 49.408 35.132 35.43
2NPJ 35.773 29.82 23.777 2NOP 35.478 29.767 23.75
2NPJ 40.069 29.679 22.239 2NOP 39.784 29.583 22.228
2NPJ 46.271 35.007 26.346 2NOP 45.991 34.896 26.332
2NPJ 47.585 32.97 24.966 2NOP 47.305 32.846 24.972
2NPJ 33.673 32.194 20.288 2NOP 33.381 32.123 20.214
2NPJ 37.534 31.186 14.045 2NOP 37.236 31.097 14.059
2NPJ 26.041 24.552 9.562 2NOP 25.725 24.497 9.574
2NPJ 25.857 26.451 18.867 2NOP 25.54 26.472 18.92
2NPJ 39.029 26.146 17.951 2NOP 38.715 26.072 17.954
2NPJ 50.98 32.515 28.419 2NOP 50.696 32.37 28.368
2NPK 46.221 33.111 33.245 2NOP 46.243 33.126 33.27
2NPK 27.101 28.135 13.434 2NOP 27.059 28.215 13.454
2NWL 45.854 44.266 -3.717 2NOP 25.725 24.497 9.574
3c1j 31.974 32.182 20.218 2NOP 31.861 32.291 20.163
3c1j 27.263 28.118 13.605 2NOP 27.059 28.215 13.454
2NMR 63.583 2.598 3.801 2NOW 63.672 2.54 3.874
2NMR 62.905 4.777 2.726 2NOW 62.817 4.677 2.858
2NOP 25.909 25.1 14.979 2NOW 25.941 25.069 15.001
2NOP 22.638 27.516 27.052 2NOW 22.648 27.436 27.062
2NOP 31.861 32.291 20.163 2NOW 31.92 32.23 20.218
2NOP 57.25 25.24 12.229 2NOW 57.272 25.283 12.326
2NOP 54.092 24.447 15.628 2NOW 54.183 24.431 15.696
2NOP 25.802 25.548 16.274 2NOW 25.868 25.469 16.326
2NOP 58.341 24.468 13.093 2NOW 58.381 24.531 13.192
2NOP 56.097 26.562 14.079 2NOW 56.122 26.531 14.211
2NOP 26.198 25.902 9.18 2NOW 26.325 25.843 9.227
2NOP 25.285 26.818 16.518 2NOW 25.357 26.733 16.628
2NOP 25.725 24.497 9.574 2NOW 25.87 24.426 9.564
2NPC 26.726 28.129 13.515 2NOW 27.229 28.201 13.463
2NPD 26.395 18.51 16.806 2NOW 26.756 18.784 16.922
2NPG 34.749 27.334 20.347 2NOW 34.93 27.524 20.444
2NPG 40.568 30.558 22.597 2NOW 40.627 30.813 22.489
2NPG 25.385 26.584 20.447 2NOW 25.576 26.818 20.461
2NPJ 22.17 24.538 24.131 2NOW 22.166 24.429 24.079
2NPJ 33.56 31.01 16.736 2NOW 33.467 31.056 16.823
2NPJ 23.586 29.301 23.549 2NOW 23.458 29.322 23.646
2NPJ 24 20.045 8.26 2NOW 23.858 19.962 8.279
2NPJ 33.634 27.78 18.16 2NOW 33.513 27.708 18.259
2NPJ 24.215 30.312 24.521 2NOW 24.062 30.375 24.587
2NPJ 45.339 29.384 21.245 2NOW 45.125 29.408 21.309
2NPJ 57.222 20.499 11.675 2NOW 56.983 20.45 11.732
2NPJ 60.452 19.263 14.088 2NOW 60.166 19.204 14.144
2NPK 26.304 25.878 9.213 2NOW 26.325 25.843 9.227
2NPK 53.418 26.458 26.392 2NOW 53.466 26.52 26.461
2NPK 51.995 29.652 30.795 2NOW 52.069 29.655 30.903
2NPK 40.687 30.716 22.417 2NOW 40.627 30.813 22.489
2NPK 27.101 28.135 13.434 2NOW 27.229 28.201 13.463
3C1G 39.408 29.399 22.374 2NOW 39.791 29.544 22.288
3C1H 39.962 27.819 20.625 2NOW 40.736 28.047 20.631
3c1j 52.236 32.895 29.138 2NOW 52.191 32.868 29.174
3c1j 31.974 32.182 20.218 2NOW 31.92 32.23 20.218
3c1j 50.071 28.621 22.354 2NOW 49.965 28.639 22.343
3c1j 55.048 22.506 18.629 2NOW 55.063 22.524 18.742
3c1j 57.534 21.197 16.086 2NOW 57.455 21.284 16.052
2NOP 31.722 30.225 10.262 2NPC 31.474 30.034 10.34
2NOP 27.059 28.215 13.454 2NPC 26.726 28.129 13.515
2NOP 33.229 31.018 16.746 2NPC 32.926 30.865 16.833
2NOW 27.229 28.201 13.463 2NPC 26.726 28.129 13.515
2NPD 43.455 29.209 20.549 2NPC 43.383 29.172 20.525
2NPD 37.005 30.875 14.13 2NPC 36.922 30.884 14.112
2NPJ 33.56 31.01 16.736 2NPC 32.926 30.865 16.833
2NPK 27.101 28.135 13.434 2NPC 26.726 28.129 13.515
3C1H 46.977 31.183 22.145 2NPC 47.388 31.169 22.138
3C1H 47.951 31.618 18.563 2NPC 48.292 31.905 18.541
3C1H 47.263 29.665 15.92 2NPC 47.748 29.854 15.977
1U7C 71.7 8.361 33.194 2NPD 26.395 18.51 16.806
2NMR 26.982 27.795 13.5 2NPD 26.768 27.822 13.531
2NMR 33.313 31.979 20.464 2NPD 33.116 31.865 20.371
2NMR 31.815 32.07 20.225 2NPD 31.59 31.931 20.211
2NMR 25.284 26.524 16.586 2NPD 25.047 26.43 16.511
2NMR 34.771 27.365 20.333 2NPD 34.557 27.208 20.35
2NMR 35.483 29.511 23.801 2NPD 35.235 29.381 23.802
2NOP 37.236 31.097 14.059 2NPD 37.005 30.875 14.13
2NOP 33.276 27.724 18.166 2NPD 33.085 27.396 18.236
2NOP 33.229 31.018 16.746 2NPD 32.999 30.714 16.826
2NOP 34.729 27.562 20.281 2NPD 34.557 27.208 20.35
2NOP 23.926 30.322 24.504 2NPD 23.548 30.152 24.621
2NOW 26.756 18.784 16.922 2NPD 26.395 18.51 16.806
2NPC 43.383 29.172 20.525 2NPD 43.455 29.209 20.549
2NPC 36.922 30.884 14.112 2NPD 37.005 30.875 14.13
2NPG 31.618 31.996 20.214 2NPD 31.59 31.931 20.211
2NPJ 37.534 31.186 14.045 2NPD 37.005 30.875 14.13
2NPJ 33.56 31.01 16.736 2NPD 32.999 30.714 16.826
2NPJ 33.634 27.78 18.16 2NPD 33.085 27.396 18.236
2NPJ 35.092 27.621 20.294 2NPD 34.557 27.208 20.35
2NPK 24.854 21.038 15.786 2NPD 24.565 20.847 15.772
2NPK 22.915 16.69 12.798 2NPD 22.593 16.49 12.935
2NMR 32.97 30.674 9.859 2NPG 32.948 30.659 9.887
2NMR 33.344 27.497 18.184 2NPG 33.298 27.489 18.187
2NMR 25.284 26.524 16.586 2NPG 25.292 26.479 16.6
2NOP 33.276 27.724 18.166 2NPG 33.298 27.489 18.187
2NOW 34.93 27.524 20.444 2NPG 34.749 27.334 20.347
2NOW 40.627 30.813 22.489 2NPG 40.568 30.558 22.597
2NOW 25.576 26.818 20.461 2NPG 25.385 26.584 20.447
2NPD 31.59 31.931 20.211 2NPG 31.618 31.996 20.214
2NPJ 33.634 27.78 18.16 2NPG 33.298 27.489 18.187
2NPJ 26.12 21.191 14.701 2NPG 25.795 20.878 14.703
2NPJ 26.041 24.552 9.562 2NPG 25.749 24.193 9.574
2NPJ 26.281 8.17 10.241 2NPG 25.871 7.961 10.383
2NPK 33.397 27.555 18.114 2NPG 33.298 27.489 18.187
2NPK 28.195 9.84 16.903 2NPG 28.177 9.661 17.086
2NS1 -13.451 29.77 79.194 2NPG 27.111 14.352 15.473
1U7C 75.077 15.501 33.285 2NPJ 32.157 32.312 20.232
1U7C 75.057 13.314 39.158 2NPJ 32.157 32.312 20.232
2NMR 62.905 4.777 2.726 2NPJ 63.062 4.801 2.763
2NMR 33.285 30.83 16.846 2NPJ 33.56 31.01 16.736
2NOP 25.909 25.1 14.979 2NPJ 26.163 25.111 14.918
2NOP 26.26 34.613 21.878 2NPJ 26.521 34.542 21.9
2NOP 25.802 25.548 16.274 2NPJ 26.072 25.551 16.218
2NOP 31.705 35.014 14.713 2NPJ 31.979 35.009 14.657
2NOP 23.926 30.322 24.504 2NPJ 24.215 30.312 24.521
2NOP 40.687 30.844 22.395 2NPJ 40.964 30.934 22.377
2NOP 47.18 34.808 27.687 2NPJ 47.436 34.955 27.718
2NOP 35.555 31.584 14.461 2NPJ 35.844 31.649 14.425
2NOP 49.408 35.132 35.43 2NPJ 49.631 35.333 35.449
2NOP 35.478 29.767 23.75 2NPJ 35.773 29.82 23.777
2NOP 39.784 29.583 22.228 2NPJ 40.069 29.679 22.239
2NOP 45.991 34.896 26.332 2NPJ 46.271 35.007 26.346
2NOP 47.305 32.846 24.972 2NPJ 47.585 32.97 24.966
2NOP 33.381 32.123 20.214 2NPJ 33.673 32.194 20.288
2NOP 37.236 31.097 14.059 2NPJ 37.534 31.186 14.045
2NOP 25.725 24.497 9.574 2NPJ 26.041 24.552 9.562
2NOP 25.54 26.472 18.92 2NPJ 25.857 26.451 18.867
2NOP 38.715 26.072 17.954 2NPJ 39.029 26.146 17.951
2NOP 50.696 32.37 28.368 2NPJ 50.98 32.515 28.419
2NOW 22.166 24.429 24.079 2NPJ 22.17 24.538 24.131
2NOW 33.467 31.056 16.823 2NPJ 33.56 31.01 16.736
2NOW 23.458 29.322 23.646 2NPJ 23.586 29.301 23.549
2NOW 23.858 19.962 8.279 2NPJ 24 20.045 8.26
2NOW 33.513 27.708 18.259 2NPJ 33.634 27.78 18.16
2NOW 24.062 30.375 24.587 2NPJ 24.215 30.312 24.521
2NOW 45.125 29.408 21.309 2NPJ 45.339 29.384 21.245
2NOW 56.983 20.45 11.732 2NPJ 57.222 20.499 11.675
2NOW 60.166 19.204 14.144 2NPJ 60.452 19.263 14.088
2NPC 32.926 30.865 16.833 2NPJ 33.56 31.01 16.736
2NPD 37.005 30.875 14.13 2NPJ 37.534 31.186 14.045
2NPD 32.999 30.714 16.826 2NPJ 33.56 31.01 16.736
2NPD 33.085 27.396 18.236 2NPJ 33.634 27.78 18.16
2NPD 34.557 27.208 20.35 2NPJ 35.092 27.621 20.294
2NPG 33.298 27.489 18.187 2NPJ 33.634 27.78 18.16
2NPG 25.795 20.878 14.703 2NPJ 26.12 21.191 14.701
2NPG 25.749 24.193 9.574 2NPJ 26.041 24.552 9.562
2NPG 25.871 7.961 10.383 2NPJ 26.281 8.17 10.241
2NPK 26.402 34.404 21.829 2NPJ 26.521 34.542 21.9
2NPK 51.104 29.121 2.904 2NPJ 51.366 29.191 2.941
2NPK 46.041 24.711 26.159 2NPJ 46.265 24.916 26.165
2NPK 29.091 33.089 14.515 2NPJ 29.34 33.261 14.55
2NS1 -14.612 8.005 66.351 2NPJ 38.591 33.515 28.142
2NS1 -11.758 33.626 75.654 2NPJ 26.84 10.618 19.121
2NS1 -11.166 32.368 77.566 2NPJ 27.927 11.343 17.145
2NS1 -16.146 26.555 77.835 2NPJ 27.08 18.844 16.766
2NS1 -9.98 33.106 77.716 2NPJ 28.542 10.081 16.972
2NS1 -12.071 32.619 76.544 2NPJ 28.542 10.081 16.972
2NS1 -19.031 25.701 78.952 2NPJ 25.1 21.211 15.852
2NS1 -18.044 29.82 79.347 2NPJ 23.663 17.225 15.454
2NS1 -13.451 29.77 79.194 2NPJ 27.568 14.668 15.359
3C1I 40.361 27.927 20.576 2NPJ 40.909 28.173 20.576
3c1j 26.093 25.091 15.02 2NPJ 26.163 25.111 14.918
3c1j 65.038 9.423 -3.042 2NPJ 65.193 9.47 -3.098
3c1j 23.93 19.881 8.392 2NPJ 24 20.045 8.26
3c1j 27.52 14.432 15.508 2NPJ 27.568 14.668 15.359
3c1j 26.86 12.586 12.732 2NPJ 26.92 12.76 12.468
2NMR 27.152 14.39 15.46 2NPK 27.219 14.529 15.315
2NMR 22.738 15.248 5.335 2NPK 22.868 15.423 5.105
2NOP 46.243 33.126 33.27 2NPK 46.221 33.111 33.245
2NOP 27.059 28.215 13.454 2NPK 27.101 28.135 13.434
2NOW 26.325 25.843 9.227 2NPK 26.304 25.878 9.213
2NOW 53.466 26.52 26.461 2NPK 53.418 26.458 26.392
2NOW 52.069 29.655 30.903 2NPK 51.995 29.652 30.795
2NOW 40.627 30.813 22.489 2NPK 40.687 30.716 22.417
2NOW 27.229 28.201 13.463 2NPK 27.101 28.135 13.434
2NPC 26.726 28.129 13.515 2NPK 27.101 28.135 13.434
2NPD 24.565 20.847 15.772 2NPK 24.854 21.038 15.786
2NPD 22.593 16.49 12.935 2NPK 22.915 16.69 12.798
2NPG 33.298 27.489 18.187 2NPK 33.397 27.555 18.114
2NPG 28.177 9.661 17.086 2NPK 28.195 9.84 16.903
2NPJ 26.521 34.542 21.9 2NPK 26.402 34.404 21.829
2NPJ 51.366 29.191 2.941 2NPK 51.104 29.121 2.904
2NPJ 46.265 24.916 26.165 2NPK 46.041 24.711 26.159
2NPJ 29.34 33.261 14.55 2NPK 29.091 33.089 14.515
3C1H 39.962 27.819 20.625 2NPK 40.604 27.996 20.54
3C1H 39.062 29.25 22.351 2NPK 39.758 29.465 22.242
3c1j 46.201 33.167 25.832 2NPK 46.019 33.131 25.79
3c1j 27.017 18.642 16.84 2NPK 26.892 18.653 16.656
3c1j 54.55 23.208 31.708 2NPK 54.374 23.132 31.584
3c1j 27.263 28.118 13.605 2NPK 27.101 28.135 13.434
1U7C 74.053 13.545 40.277 2NS1 -19.906 22.188 85.221
2NPG 27.111 14.352 15.473 2NS1 -13.451 29.77 79.194
2NPJ 38.591 33.515 28.142 2NS1 -14.612 8.005 66.351
2NPJ 26.84 10.618 19.121 2NS1 -11.758 33.626 75.654
2NPJ 27.927 11.343 17.145 2NS1 -11.166 32.368 77.566
2NPJ 27.08 18.844 16.766 2NS1 -16.146 26.555 77.835
2NPJ 28.542 10.081 16.972 2NS1 -9.98 33.106 77.716
2NPJ 28.542 10.081 16.972 2NS1 -12.071 32.619 76.544
2NPJ 25.1 21.211 15.852 2NS1 -19.031 25.701 78.952
2NPJ 23.663 17.225 15.454 2NS1 -18.044 29.82 79.347
2NPJ 27.568 14.668 15.359 2NS1 -13.451 29.77 79.194
3c1j 23.5 16.895 15.473 2NS1 -18.044 29.82 79.347
3c1j 26.017 25.481 16.339 2NS1 -20.562 21.684 78.386
2NOP 25.725 24.497 9.574 2NWL 45.854 44.266 -3.717
2HYD 134.531 42.819 101.344 2ONJ 134.046 42.834 101.632
2HYD 135.356 43.717 100.425 2ONJ 134.865 43.747 100.732
2HYD 158.477 43.421 108.247 2ONJ 158.095 43.627 108.679
2HYD 133.173 47.59 110.763 2ONJ 132.626 47.691 111.042
2HYD 153.615 47.119 107.521 2ONJ 153.121 47.318 107.867
2HYD 160.11 42.102 102.18 2ONJ 159.679 42.342 102.605
2HYD 107.852 55.814 119.62 2ONJ 107.231 55.75 119.835
2HYD 151.533 47.069 113.642 2ONJ 151.054 47.294 114.049
2HYD 130.617 50.266 96.734 2ONJ 129.986 50.252 96.994
2HYD 133.557 50.067 98.365 2ONJ 132.942 50.076 98.662
2HYD 134.99 50.386 97.988 2ONJ 134.371 50.426 98.285
2HYD 127.644 52.598 103.533 2ONJ 126.975 52.591 103.71
2HYD 133.13 82.752 105.978 2ONJ 132.442 82.785 106.143
2HYD 130.994 51.293 107.726 2ONJ 130.361 51.425 108.03
2HYD 156.774 43.839 110.953 2ONJ 156.343 44.103 111.476
2HYD 154.947 61.444 114.641 2ONJ 154.345 61.738 114.988
2HYD 109.446 61.303 115.116 2ONJ 108.707 61.209 115.262
2HYD 149.828 51.504 109.746 2ONJ 149.199 51.696 110.126
2HYD 109.012 59.998 115.36 2ONJ 108.269 59.903 115.486
2ONS 13.729 15.456 21.455 2ONR 13.609 15.375 21.204
2ONS 24.749 24.148 30.403 2ONR 24.627 24.166 30.131
2ONS 25.301 14.43 28.621 2ONR 25.24 14.439 28.318
2ONS 22.775 14.26 24.78 2ONR 22.684 14.293 24.486
2ONS 24.965 25.061 34.229 2ONR 24.851 25.044 33.941
2ONS 27.138 15.369 30.09 2ONR 27.038 15.402 29.798
2ONS 16.393 9.598 51.08 2ONR 16.327 9.491 50.777
2ONS 23.329 10.638 25.306 2ONR 23.249 10.645 24.982
2ONS 19.809 14.656 52.416 2ONR 19.76 14.519 52.105
2ONS 28.927 -13.328 43.581 2ONR 28.878 -13.355 43.237
2ONS 30.537 -0.287 32.837 2ONR 30.533 -0.293 32.476
2ONS 29.906 -12.906 41.655 2ONR 29.871 -12.996 41.3
2ONS 10.904 -3.467 59.379 2ONR 10.939 -3.533 58.986
2ONS 8.31 -5.125 55.331 2ONR 8.284 -5.21 54.928
2ONS 8.243 -4.469 51.495 2ONR 8.211 -4.541 51.088
2ONS 13.897 -0.136 56.515 2ONR 13.861 -0.233 56.108
2ONR 13.609 15.375 21.204 2ONS 13.729 15.456 21.455
2ONR 24.627 24.166 30.131 2ONS 24.749 24.148 30.403
2ONR 25.24 14.439 28.318 2ONS 25.301 14.43 28.621
2ONR 22.684 14.293 24.486 2ONS 22.775 14.26 24.78
2ONR 24.851 25.044 33.941 2ONS 24.965 25.061 34.229
2ONR 27.038 15.402 29.798 2ONS 27.138 15.369 30.09
2ONR 16.327 9.491 50.777 2ONS 16.393 9.598 51.08
2ONR 23.249 10.645 24.982 2ONS 23.329 10.638 25.306
2ONR 19.76 14.519 52.105 2ONS 19.809 14.656 52.416
2ONR 28.878 -13.355 43.237 2ONS 28.927 -13.328 43.581
2ONR 30.533 -0.293 32.476 2ONS 30.537 -0.287 32.837
2ONR 29.871 -12.996 41.3 2ONS 29.906 -12.906 41.655
2ONR 10.939 -3.533 58.986 2ONS 10.904 -3.467 59.379
2ONR 8.284 -5.21 54.928 2ONS 8.31 -5.125 55.331
2ONR 8.211 -4.541 51.088 2ONS 8.243 -4.469 51.495
2ONR 13.861 -0.233 56.108 2ONS 13.897 -0.136 56.515
2Q72 20.138 41.324 44.726 2Q6H 20.117 41.361 44.741
2Q72 18.857 34.831 38.243 2Q6H 18.849 34.83 38.195
2Q72 44.07 45.459 20.319 2Q6H 44.077 45.502 20.274
2Q72 19.336 24.652 4.978 2Q6H 19.386 24.603 4.936
2Q72 17.886 40.269 43.493 2Q6H 17.937 40.284 43.407
2Q72 17.677 34.09 38.176 2Q6H 17.69 34.064 38.071
2Q72 19.639 33.737 36.243 2Q6H 19.719 33.805 36.191
2Q72 12.935 20.299 6.677 2Q6H 13.019 20.395 6.675
2Q72 45.47 48.275 23.906 2Q6H 45.45 48.327 23.788
2Q72 36.203 50.09 27.636 2Q6H 36.209 50.113 27.507
2Q72 43.047 48.46 24.228 2Q6H 43.019 48.505 24.108
2Q72 15.314 29.982 14.329 2Q6H 15.385 29.968 14.211
2Q72 47.117 47.993 28.216 2Q6H 47.145 48.011 28.062
2Q72 42.9 37.791 25.267 2Q6H 42.907 37.793 25.107
2Q72 45.624 44.234 32.33 2Q6H 45.716 44.285 32.198
2Q72 48.076 48.932 28.51 2Q6H 48.099 48.955 28.343
2Q72 45.876 43.069 33.002 2Q6H 45.974 43.111 32.859
2QB4 15.42 29.966 14.241 2Q6H 15.385 29.968 14.211
2QB4 23.864 32.483 2.451 2Q6H 23.91 32.472 2.414
2QB4 33.643 27.861 1.815 2Q6H 33.645 27.784 1.817
2QB4 18.879 34.77 38.258 2Q6H 18.849 34.83 38.195
2QB4 19.378 24.569 5.032 2Q6H 19.386 24.603 4.936
2QB4 19.622 33.752 36.201 2Q6H 19.719 33.805 36.191
2QB4 38.504 18.427 39.696 2Q6H 38.567 18.509 39.638
2QB4 38.36 21.479 39.236 2Q6H 38.443 21.582 39.13
2QB4 45.616 44.298 32.335 2Q6H 45.716 44.285 32.198
2QB4 39.25 22.919 35.608 2Q6H 39.172 22.954 35.458
2QB4 45.891 43.136 33.011 2Q6H 45.974 43.111 32.859
2QB4 42.916 37.817 25.285 2Q6H 42.907 37.793 25.107
2QB4 44.035 42.835 31.708 2Q6H 44.111 42.855 31.544
2QB4 33.98 22.305 41.861 2Q6H 34.036 22.357 41.682
2QB4 36.098 21.429 40.366 2Q6H 36.167 21.52 40.207
2QB4 42.854 42.226 31.034 2Q6H 42.919 42.269 30.846
2QEI 25.142 39.955 43.069 2Q6H 24.747 40.166 42.856
2QEI 20.375 38.553 40.118 2Q6H 19.704 38.791 39.99
2QEI 39.924 35.558 32.97 2Q6H 39.264 35.631 32.636
2QEI 42.13 35.405 31.76 2Q6H 41.46 35.483 31.399
2QEI 44.994 31.763 32.765 2Q6H 44.32 31.871 32.388
2QEI 24.889 29.315 0.345 2Q6H 24.149 29.287 0.098
2QEI 45.09 39.845 28.108 2Q6H 44.411 39.925 27.663
2QEI 44.258 37.05 28.545 2Q6H 43.553 37.138 28.135
2QEI 45.066 36.354 29.541 2Q6H 44.363 36.432 29.117
2QEI 43.601 42.151 31.313 2Q6H 42.919 42.269 30.846
2QEI 34.277 37.601 4.656 2Q6H 33.479 37.493 4.392
2QEI 12.347 31.229 16.877 2Q6H 11.508 31.225 16.743
2QEI 29.641 28.712 -0.012 2Q6H 28.834 28.59 -0.282
2QEI 29.541 31.073 0.389 2Q6H 28.697 30.948 0.137
2QJU 20.038 -2.973 -0.221 2Q6H 24.149 29.287 0.098
2Q6H 20.117 41.361 44.741 2Q72 20.138 41.324 44.726
2Q6H 18.849 34.83 38.195 2Q72 18.857 34.831 38.243
2Q6H 44.077 45.502 20.274 2Q72 44.07 45.459 20.319
2Q6H 19.386 24.603 4.936 2Q72 19.336 24.652 4.978
2Q6H 17.937 40.284 43.407 2Q72 17.886 40.269 43.493
2Q6H 17.69 34.064 38.071 2Q72 17.677 34.09 38.176
2Q6H 19.719 33.805 36.191 2Q72 19.639 33.737 36.243
2Q6H 13.019 20.395 6.675 2Q72 12.935 20.299 6.677
2Q6H 45.45 48.327 23.788 2Q72 45.47 48.275 23.906
2Q6H 36.209 50.113 27.507 2Q72 36.203 50.09 27.636
2Q6H 43.019 48.505 24.108 2Q72 43.047 48.46 24.228
2Q6H 15.385 29.968 14.211 2Q72 15.314 29.982 14.329
2Q6H 47.145 48.011 28.062 2Q72 47.117 47.993 28.216
2Q6H 42.907 37.793 25.107 2Q72 42.9 37.791 25.267
2Q6H 45.716 44.285 32.198 2Q72 45.624 44.234 32.33
2Q6H 48.099 48.955 28.343 2Q72 48.076 48.932 28.51
2Q6H 45.974 43.111 32.859 2Q72 45.876 43.069 33.002
2QB4 45.112 37.402 30.135 2Q72 45.117 37.395 30.128
2QB4 37.301 34.051 7.324 2Q72 37.316 34.05 7.323
2QB4 33.556 37.523 4.464 2Q72 33.543 37.53 4.46
2QB4 1.5 35.84 26.201 2Q72 1.491 35.846 26.215
2QB4 3.604 33.264 31.95 2Q72 3.601 33.251 31.968
2QB4 42.793 36.472 27.399 2Q72 42.783 36.462 27.381
2QB4 1.115 38.462 30.163 2Q72 1.105 38.473 30.183
2QB4 6.775 39.326 36.678 2Q72 6.793 39.319 36.694
2QB4 7.918 49.942 33.346 2Q72 7.943 49.943 33.348
2QB4 28.67 28.672 -0.217 2Q72 28.642 28.669 -0.211
2QB4 15.1 16.53 32.849 2Q72 15.121 16.52 32.866
2QB4 24.613 40.15 43.032 2Q72 24.596 40.129 43.044
2QB4 44.366 50.502 27.059 2Q72 44.363 50.518 27.034
2QB4 28.599 31.03 0.195 2Q72 28.597 31.041 0.167
2QB4 7.256 40.623 36.511 2Q72 7.268 40.62 36.539
2QB4 41.347 35.464 31.579 2Q72 41.366 35.455 31.555
2QB4 17 37.018 36.097 2Q72 17.017 37.02 36.125
2QB4 44.445 40.398 20.69 2Q72 44.437 40.366 20.683
2QB4 2.638 38.36 30.259 2Q72 2.628 38.367 30.291
2QEI 41.896 50.305 25.551 2Q72 41.241 50.312 25.247
2QEI 20.375 38.553 40.118 2Q72 19.68 38.755 40.141
2QEI 43.608 37.676 25.52 2Q72 42.9 37.791 25.267
2QEI 43.519 36.387 27.662 2Q72 42.783 36.462 27.381
2QEI 45.09 39.845 28.108 2Q72 44.328 39.87 27.847
2QEI 44.477 33.046 22.273 2Q72 43.673 32.987 22.028
2QEI 47.222 30.783 15.107 2Q72 46.363 30.659 14.838
2QEI 46.25 35.506 19.003 2Q72 45.376 35.479 18.736
2Q6H 15.385 29.968 14.211 2QB4 15.42 29.966 14.241
2Q6H 23.91 32.472 2.414 2QB4 23.864 32.483 2.451
2Q6H 33.645 27.784 1.817 2QB4 33.643 27.861 1.815
2Q6H 18.849 34.83 38.195 2QB4 18.879 34.77 38.258
2Q6H 19.386 24.603 4.936 2QB4 19.378 24.569 5.032
2Q6H 19.719 33.805 36.191 2QB4 19.622 33.752 36.201
2Q6H 38.567 18.509 39.638 2QB4 38.504 18.427 39.696
2Q6H 38.443 21.582 39.13 2QB4 38.36 21.479 39.236
2Q6H 45.716 44.285 32.198 2QB4 45.616 44.298 32.335
2Q6H 39.172 22.954 35.458 2QB4 39.25 22.919 35.608
2Q6H 45.974 43.111 32.859 2QB4 45.891 43.136 33.011
2Q6H 42.907 37.793 25.107 2QB4 42.916 37.817 25.285
2Q6H 44.111 42.855 31.544 2QB4 44.035 42.835 31.708
2Q6H 34.036 22.357 41.682 2QB4 33.98 22.305 41.861
2Q6H 36.167 21.52 40.207 2QB4 36.098 21.429 40.366
2Q6H 42.919 42.269 30.846 2QB4 42.854 42.226 31.034
2Q72 45.117 37.395 30.128 2QB4 45.112 37.402 30.135
2Q72 37.316 34.05 7.323 2QB4 37.301 34.051 7.324
2Q72 33.543 37.53 4.46 2QB4 33.556 37.523 4.464
2Q72 1.491 35.846 26.215 2QB4 1.5 35.84 26.201
2Q72 3.601 33.251 31.968 2QB4 3.604 33.264 31.95
2Q72 42.783 36.462 27.381 2QB4 42.793 36.472 27.399
2Q72 1.105 38.473 30.183 2QB4 1.115 38.462 30.163
2Q72 6.793 39.319 36.694 2QB4 6.775 39.326 36.678
2Q72 7.943 49.943 33.348 2QB4 7.918 49.942 33.346
2Q72 28.642 28.669 -0.211 2QB4 28.67 28.672 -0.217
2Q72 15.121 16.52 32.866 2QB4 15.1 16.53 32.849
2Q72 24.596 40.129 43.044 2QB4 24.613 40.15 43.032
2Q72 44.363 50.518 27.034 2QB4 44.366 50.502 27.059
2Q72 28.597 31.041 0.167 2QB4 28.599 31.03 0.195
2Q72 7.268 40.62 36.539 2QB4 7.256 40.623 36.511
2Q72 41.366 35.455 31.555 2QB4 41.347 35.464 31.579
2Q72 17.017 37.02 36.125 2QB4 17 37.018 36.097
2Q72 44.437 40.366 20.683 2QB4 44.445 40.398 20.69
2Q72 2.628 38.367 30.291 2QB4 2.638 38.36 30.259
2QEI 20.375 38.553 40.118 2QB4 19.725 38.75 40.16
2QEI 45.09 39.845 28.108 2QB4 44.402 39.874 27.87
2QEI 47.176 31.944 20.211 2QB4 46.372 31.913 19.957
2QEI 24.889 29.315 0.345 2QB4 24.016 29.32 0.231
2QJU 20.038 -2.973 -0.221 2QB4 24.016 29.32 0.231
2Q6H 24.747 40.166 42.856 2QEI 25.142 39.955 43.069
2Q6H 19.704 38.791 39.99 2QEI 20.375 38.553 40.118
2Q6H 39.264 35.631 32.636 2QEI 39.924 35.558 32.97
2Q6H 41.46 35.483 31.399 2QEI 42.13 35.405 31.76
2Q6H 44.32 31.871 32.388 2QEI 44.994 31.763 32.765
2Q6H 24.149 29.287 0.098 2QEI 24.889 29.315 0.345
2Q6H 44.411 39.925 27.663 2QEI 45.09 39.845 28.108
2Q6H 43.553 37.138 28.135 2QEI 44.258 37.05 28.545
2Q6H 44.363 36.432 29.117 2QEI 45.066 36.354 29.541
2Q6H 42.919 42.269 30.846 2QEI 43.601 42.151 31.313
2Q6H 33.479 37.493 4.392 2QEI 34.277 37.601 4.656
2Q6H 11.508 31.225 16.743 2QEI 12.347 31.229 16.877
2Q6H 28.834 28.59 -0.282 2QEI 29.641 28.712 -0.012
2Q6H 28.697 30.948 0.137 2QEI 29.541 31.073 0.389
2Q72 41.241 50.312 25.247 2QEI 41.896 50.305 25.551
2Q72 19.68 38.755 40.141 2QEI 20.375 38.553 40.118
2Q72 42.9 37.791 25.267 2QEI 43.608 37.676 25.52
2Q72 42.783 36.462 27.381 2QEI 43.519 36.387 27.662
2Q72 44.328 39.87 27.847 2QEI 45.09 39.845 28.108
2Q72 43.673 32.987 22.028 2QEI 44.477 33.046 22.273
2Q72 46.363 30.659 14.838 2QEI 47.222 30.783 15.107
2Q72 45.376 35.479 18.736 2QEI 46.25 35.506 19.003
2QB4 19.725 38.75 40.16 2QEI 20.375 38.553 40.118
2QB4 44.402 39.874 27.87 2QEI 45.09 39.845 28.108
2QB4 46.372 31.913 19.957 2QEI 47.176 31.944 20.211
2QB4 24.016 29.32 0.231 2QEI 24.889 29.315 0.345
2QEY -13.704 20.631 9.317 2QEW -13.618 20.545 9.375
2QEW -13.618 20.545 9.375 2QEY -13.704 20.631 9.317
2RK7 26.472 21.749 -36.862 2QF2 26.733 21.906 -36.714
2RKD -6.808 -22.416 -9.017 2QF2 23.969 22.399 -38.842
1N2Z 22.333 28.177 66.489 2QI9 75.972 18.193 36.668
2Q6H 24.149 29.287 0.098 2QJU 20.038 -2.973 -0.221
2QB4 24.016 29.32 0.231 2QJU 20.038 -2.973 -0.221
2QF2 26.733 21.906 -36.714 2RK7 26.472 21.749 -36.862
2QF2 23.969 22.399 -38.842 2RKD -6.808 -22.416 -9.017
2V68 -9.199 64.766 102.296 2V67 -9.123 64.67 102.14
2V68 27.756 76.758 94.347 2V67 27.773 76.831 94.147
2V68 3.194 46.097 58.807 2V67 3.338 45.965 58.71
2V68 -7.723 66.207 97.559 2V67 -7.752 66.113 97.363
2V68 -12.822 65.893 103.723 2V67 -12.76 65.785 103.541
2V68 -3.22 60.028 101.143 2V67 -3.158 59.943 100.946
2V68 -16.827 84.51 103.333 2V67 -16.875 84.391 103.134
2V68 -16.169 66.135 92.668 2V67 -16.183 66.03 92.455
2V68 28.822 76.579 94.932 2V67 28.867 76.66 94.686
2V68 -15.171 75.708 70.641 2V67 -15.274 75.588 70.424
2V68 -5.248 87.325 96.141 2V67 -5.355 87.236 95.901
2V68 -6.915 82.044 94.878 2V67 -7.011 81.943 94.638
2V68 -9.973 89.453 99.811 2V67 -10.112 89.315 99.611
2V68 -7.296 84.404 94.804 2V67 -7.401 84.292 94.56
2V68 -19.42 68.737 92.47 2V67 -19.358 68.722 92.177
2V68 17.601 94.314 96.914 2V67 17.458 94.356 96.648
2V68 14.932 79.852 65.458 2V67 14.84 79.843 65.163
2V68 22.044 86.01 64.942 2V67 22.009 86.004 64.629
2V68 14.152 80.726 66.36 2V67 14.05 80.74 66.057
2V6A 49.609 88.07 95.986 2V67 -31.353 76.898 79.488
2V6A 50.511 86.522 97.597 2V67 -31.715 75.168 81.13
2V6A 54.478 87.908 82.213 2V67 -31.715 75.168 81.13
2V6A 55.609 86.646 83.933 2V67 -31.353 76.898 79.488
2V6A 79.528 75.632 99.042 2V67 -9.013 60.224 96.344
2V6A 55.609 86.646 83.933 2V67 -34.48 80.86 87.815
2V6A 85.424 76.867 98.843 2V67 -8.569 64.225 107.833
2V6A 59.263 103.816 106.662 2V67 -34.48 80.86 87.815
2V6A 82.995 81.045 104.351 2V67 -13.253 59.369 99.179
2V67 -9.123 64.67 102.14 2V68 -9.199 64.766 102.296
2V67 27.773 76.831 94.147 2V68 27.756 76.758 94.347
2V67 3.338 45.965 58.71 2V68 3.194 46.097 58.807
2V67 -7.752 66.113 97.363 2V68 -7.723 66.207 97.559
2V67 -12.76 65.785 103.541 2V68 -12.822 65.893 103.723
2V67 -3.158 59.943 100.946 2V68 -3.22 60.028 101.143
2V67 -16.875 84.391 103.134 2V68 -16.827 84.51 103.333
2V67 -16.183 66.03 92.455 2V68 -16.169 66.135 92.668
2V67 28.867 76.66 94.686 2V68 28.822 76.579 94.932
2V67 -15.274 75.588 70.424 2V68 -15.171 75.708 70.641
2V67 -5.355 87.236 95.901 2V68 -5.248 87.325 96.141
2V67 -7.011 81.943 94.638 2V68 -6.915 82.044 94.878
2V67 -10.112 89.315 99.611 2V68 -9.973 89.453 99.811
2V67 -7.401 84.292 94.56 2V68 -7.296 84.404 94.804
2V67 -19.358 68.722 92.177 2V68 -19.42 68.737 92.47
2V67 17.458 94.356 96.648 2V68 17.601 94.314 96.914
2V67 14.84 79.843 65.163 2V68 14.932 79.852 65.458
2V67 22.009 86.004 64.629 2V68 22.044 86.01 64.942
2V67 14.05 80.74 66.057 2V68 14.152 80.726 66.36
2V6A 46.393 88.221 100.022 2V68 -2.763 91.621 87.221
2V6A 46.09 93.501 96.79 2V68 -21.954 87.561 101.38
2V6A 61.709 108.3 108.346 2V68 -2.763 91.621 87.221
2V67 -31.353 76.898 79.488 2V6A 49.609 88.07 95.986
2V67 -31.715 75.168 81.13 2V6A 50.511 86.522 97.597
2V67 -31.715 75.168 81.13 2V6A 54.478 87.908 82.213
2V67 -31.353 76.898 79.488 2V6A 55.609 86.646 83.933
2V67 -9.013 60.224 96.344 2V6A 79.528 75.632 99.042
2V67 -34.48 80.86 87.815 2V6A 55.609 86.646 83.933
2V67 -8.569 64.225 107.833 2V6A 85.424 76.867 98.843
2V67 -34.48 80.86 87.815 2V6A 59.263 103.816 106.662
2V67 -13.253 59.369 99.179 2V6A 82.995 81.045 104.351
2V68 -2.763 91.621 87.221 2V6A 46.393 88.221 100.022
2V68 -21.954 87.561 101.38 2V6A 46.09 93.501 96.79
2V68 -2.763 91.621 87.221 2V6A 61.709 108.3 108.346
2Z8E 23.538 -3.436 25.131 2Z8D 23.447 3.417 32.222
2Z8F 25.489 6.467 32.009 2Z8D 25.486 6.486 32.104
2Z8F 42.55 -2.21 17.017 2Z8D 42.682 -2.323 17.018
2Z8F 43.032 1.208 16.516 2Z8D 43.195 1.121 16.586
2Z8D 23.447 3.417 32.222 2Z8E 23.538 -3.436 25.131
2Z8D 25.486 6.486 32.104 2Z8F 25.489 6.467 32.009
2Z8D 42.682 -2.323 17.018 2Z8F 42.55 -2.21 17.017
2Z8D 43.195 1.121 16.586 2Z8F 43.032 1.208 16.516
3B9Y -12.604 -29.889 10.852 3B9W 30.677 -3.17 111.042
3B9Y -12.892 -30.468 9.798 3B9W 30.311 -2.627 109.995
3B9Z -13.994 -3.671 20.739 3B9W 3.776 -14.074 69.361
3B9Z -15.164 -3.342 20.951 3B9W 4.684 -14.883 69.16
3B9Z -10.911 -0.929 15.548 3B9W 4.709 -9.975 74.541
3B9Z -12.361 2.845 12.326 3B9W 8.649 -9.284 77.833
3B9Z -11.21 2.46 8.701 3B9W 7.739 -8.5 81.486
3B9Z -9.213 3.371 7.683 3B9W 7.565 -6.32 82.5
3B9W 30.677 -3.17 111.042 3B9Y -12.604 -29.889 10.852
3B9W 30.311 -2.627 109.995 3B9Y -12.892 -30.468 9.798
3B9Z -9.057 29.469 11.225 3B9Y -20.95 -35.391 -21.358
3B9Z -5.791 24.663 11.619 3B9Y -18.412 -40.611 -21.739
3B9W 3.776 -14.074 69.361 3B9Z -13.994 -3.671 20.739
3B9W 4.684 -14.883 69.16 3B9Z -15.164 -3.342 20.951
3B9W 4.709 -9.975 74.541 3B9Z -10.911 -0.929 15.548
3B9W 8.649 -9.284 77.833 3B9Z -12.361 2.845 12.326
3B9W 7.739 -8.5 81.486 3B9Z -11.21 2.46 8.701
3B9W 7.565 -6.32 82.5 3B9Z -9.213 3.371 7.683
3B9Y -20.95 -35.391 -21.358 3B9Z -9.057 29.469 11.225
3B9Y -18.412 -40.611 -21.739 3B9Z -5.791 24.663 11.619
2NOW 39.791 29.544 22.288 3C1G 39.408 29.399 22.374
2NOW 40.736 28.047 20.631 3C1H 39.962 27.819 20.625
2NPC 47.388 31.169 22.138 3C1H 46.977 31.183 22.145
2NPC 48.292 31.905 18.541 3C1H 47.951 31.618 18.563
2NPC 47.748 29.854 15.977 3C1H 47.263 29.665 15.92
2NPK 40.604 27.996 20.54 3C1H 39.962 27.819 20.625
2NPK 39.758 29.465 22.242 3C1H 39.062 29.25 22.351
2NPJ 40.909 28.173 20.576 3C1I 40.361 27.927 20.576
2NOP 31.861 32.291 20.163 3C1J 31.974 32.182 20.218
2NOP 27.059 28.215 13.454 3C1J 27.263 28.118 13.605
2NOW 52.191 32.868 29.174 3C1J 52.236 32.895 29.138
2NOW 31.92 32.23 20.218 3C1J 31.974 32.182 20.218
2NOW 49.965 28.639 22.343 3C1J 50.071 28.621 22.354
2NOW 55.063 22.524 18.742 3C1J 55.048 22.506 18.629
2NOW 57.455 21.284 16.052 3C1J 57.534 21.197 16.086
2NPJ 26.163 25.111 14.918 3C1J 26.093 25.091 15.02
2NPJ 65.193 9.47 -3.098 3C1J 65.038 9.423 -3.042
2NPJ 24 20.045 8.26 3C1J 23.93 19.881 8.392
2NPJ 27.568 14.668 15.359 3C1J 27.52 14.432 15.508
2NPJ 26.92 12.76 12.468 3C1J 26.86 12.586 12.732
2NPK 46.019 33.131 25.79 3C1J 46.201 33.167 25.832
2NPK 26.892 18.653 16.656 3C1J 27.017 18.642 16.84
2NPK 54.374 23.132 31.584 3C1J 54.55 23.208 31.708
2NPK 27.101 28.135 13.434 3C1J 27.263 28.118 13.605
2NS1 -18.044 29.82 79.347 3C1J 23.5 16.895 15.473
2NS1 -20.562 21.684 78.386 3C1J 26.017 25.481 16.339
3c1j 62.401 4.097 -6.201 3C1J 62.401 4.097 -6.201
3c1j 27.169 9.729 -1.1 3C1J 27.169 9.729 -1.1
3c1j 31.962 2.046 29.209 3C1J 31.962 2.046 29.209
3c1j 65.362 2.552 3.4 3C1J 65.362 2.552 3.4
3c1j 33.668 10.052 2.788 3C1J 33.668 10.052 2.788
3c1j 28.986 3.568 -3.403 3C1J 28.986 3.568 -3.403
3c1j 65.682 5.66 -6.221 3C1J 65.682 5.66 -6.221
3c1j 32.783 3.842 28.375 3C1J 32.783 3.842 28.375
3c1j 31.87 5.782 -2.976 3C1J 31.87 5.782 -2.976
3c1j 38.044 2.993 29.298 3C1J 38.044 2.993 29.298
3c1j 68.302 1.741 -2.176 3C1J 68.302 1.741 -2.176
3c1j 37.432 6.833 1.674 3C1J 37.432 6.833 1.674
3c1j 61.84 0.023 -4.077 3C1J 61.84 0.023 -4.077
3c1j 28.993 29.33 9.887 3C1J 28.993 29.33 9.887
3c1j 66.367 3.151 -1.587 3C1J 66.367 3.151 -1.587
3c1j 59.18 1.424 -6.434 3C1J 59.18 1.424 -6.434
3c1j 64.456 5.538 -6.177 3C1J 64.456 5.538 -6.177
3c1j 30.615 8.878 -4.092 3C1J 30.615 8.878 -4.092
3c1j 44.74 16.415 19.076 3C1J 44.74 16.415 19.076
