2NUU 24.891 28.076 41.895 1KPK 30.221 95.628 11.291
2NUU 28.844 25.642 44.041 1KPK 30.221 95.628 11.291
1VRV 120.563 20.243 -24.59 1VKR 320.562 220.242 175.408
1VRV 118.486 17.302 -18.819 1VKR 318.485 217.302 181.179
1VRV 113.538 15.397 -20.94 1VKR 313.537 215.397 179.059
1VRV 115.516 18.408 -24.993 1VKR 315.516 218.408 175.005
1VKR 320.562 220.242 175.408 1VRV 120.563 20.243 -24.59
1VKR 318.485 217.302 181.179 1VRV 118.486 17.302 -18.819
1VKR 313.537 215.397 179.059 1VRV 113.538 15.397 -20.94
1VKR 315.516 218.408 175.005 1VRV 115.516 18.408 -24.993
2JZN 10.871 17.903 16.764 1VSQ 10.871 17.903 16.764
2JZN 11.821 15.625 17.302 1VSQ 11.821 15.625 17.302
2JZN 16.645 18.934 12.331 1VSQ 16.645 18.934 12.331
2JZN 15.539 20.857 11.178 1VSQ 15.539 20.857 11.178
2JZN 13.119 17.225 15.894 1VSQ 13.119 17.225 15.894
2JZN 13.309 -2.528 16.483 1VSQ 13.309 -2.528 16.483
3B61 -82.383 -75.569 -33.375 1XFH 15.517 33.032 15.225
3B61 -83.957 -81.434 -32.548 1XFH 18.381 25.545 14.878
3B61 -82.383 -75.569 -33.375 1XFH 17.235 30.073 22.75
3B61 -83.551 -83.331 -27.76 1XFH 17.687 25.35 19.813
3B61 -81.581 -83.969 -31.021 1XFH 17.687 25.35 19.813
3B61 -82.383 -75.569 -33.375 1XFH 19.593 33.847 12.184
3B61 -72.004 -94.893 -33.353 1XFH 18.381 25.545 14.878
3B61 -74.894 -93.988 -29.188 1XFH 17.687 25.35 19.813
3B61 -89.009 -84.33 -22.837 1XFH 17.687 25.35 19.813
3B61 -51.06 -102.03 -54.152 1XFH 17.687 25.35 19.813
3B61 -50.139 -104.708 -45.75 1XFH 19.593 33.847 12.184
3B61 -54.382 -103.29 -47.039 1XFH 20.458 32.763 12.189
3B61 -51.06 -102.03 -54.152 1XFH 20.458 32.763 12.189
3B61 -43.666 -107.039 -58.166 1XFH 20.458 32.763 12.189
3B61 -48.012 -122.323 -36.511 1XFH 18.381 25.545 14.878
3B61 -39.816 -108.458 -62.212 1XFH 20.458 32.763 12.189
3B61 -47.972 -109.956 -51.625 1XFH 20.458 32.763 12.189
3B61 -42.008 -121.292 -37.237 1XFH 19.593 33.847 12.184
3B61 -46.14 -121.414 -39.702 1XFH 19.593 33.847 12.184
3B62 14.121 20.999 15.51 1XFH 17.687 25.35 19.813
3B62 15.817 17.033 17.35 1XFH 18.381 25.545 14.878
3B62 6.763 18.933 21.075 1XFH 17.687 25.35 19.813
3B62 7.959 17.406 17.041 1XFH 17.687 25.35 19.813
3B62 25.872 16.437 32.81 1XFH 20.454 27.413 25.099
3B62 21.242 14.267 33.101 1XFH 24.594 24.531 22.6
3B62 5.072 15.029 17.621 1XFH 17.687 25.35 19.813
3B62 14.56 14.298 33.285 1XFH 17.687 25.35 19.813
3B62 4.414 12.211 22.968 1XFH 17.687 25.35 19.813
2NUU 21.49 27.483 99.665 2BBJ 39.648 29.174 111.884
2NUU 21.49 27.483 99.665 2BBJ 33.861 29.468 117.761
2NUU 21.49 27.483 99.665 2BBJ 31.351 36.141 117.695
2NUU 21.597 28.608 98.833 2BBJ 30.75 35.044 118.305
2NUU 21.239 22.517 99.679 2BBJ 33.861 29.468 117.761
2NUU 25.312 25.452 97.223 2BBJ 39.846 31.068 117.305
2NUU 21.597 28.608 98.833 2BBJ 39.846 31.068 117.305
2NUU 21.49 27.483 99.665 2BBJ 42.945 30.297 115.336
2NUU 22.961 27.84 94.541 2BBJ 39.846 31.068 117.305
3B62 23.75 16.771 37.874 2BBJ 33.861 29.468 117.761
3B62 36.402 14.3 21.283 2BBJ 33.861 29.468 117.761
2NUU 20.193 28.042 43.455 2BL2 43.27 64.43 16.601
2NUU 23.517 28.513 46.32 2BL2 43.277 66.848 17.457
3B61 -82.383 -75.569 -33.375 2BL2 43.129 61.763 10.901
3B61 -82.383 -75.569 -33.375 2BL2 42.643 62.833 11.647
2NUU 21.207 23.204 40.995 2FEE 10.355 -9.51 24.082
2NUU 22.145 19.263 43.895 2FEE 12.746 -13.09 22.94
2HXH 25.235 29.475 88.823 2HXF 25.235 29.475 88.823
2HXH 20.579 29.357 83.453 2HXF 20.579 29.357 83.453
2HXH 19.03 30.579 79.764 2HXF 19.03 30.579 79.764
2HXH 25.402 28.624 87.736 2HXF 25.402 28.624 87.736
2HXH 27.459 33.179 86.952 2HXF 27.459 33.179 86.952
2HXH 24.562 24.073 82.443 2HXF 24.562 24.073 82.443
2HXH 45.18 19.732 33.376 2HXF 45.18 19.732 33.376
2HXH 45.915 19.291 34.636 2HXF 45.915 19.291 34.636
2HXH 26.993 18.371 40.085 2HXF 26.993 18.371 40.085
2HXH 27.298 17.84 42.394 2HXF 27.298 17.84 42.394
2HXH 29.476 19.908 35.092 2HXF 29.476 19.908 35.092
2HXH 31.808 20.656 35.555 2HXF 31.808 20.656 35.555
2HXH 30.014 21.086 37.252 2HXF 30.014 21.086 37.252
2HXH 28.511 17.159 34.303 2HXF 28.511 17.159 34.303
2HXH 26.718 18.413 33.75 2HXF 26.718 18.413 33.75
2HXF 19.732 27.458 34.118 2HXH 19.732 27.458 34.118
2HXF 21.045 19.976 39.797 2HXH 21.045 19.976 39.797
2HXF 20.42 22.941 37.993 2HXH 20.42 22.941 37.993
2HXF 25.152 22.485 38.382 2HXH 25.152 22.485 38.382
2HXF 23.92 20.4 37.797 2HXH 23.92 20.4 37.797
2HXF 45.214 30.457 24.44 2HXH 45.214 30.457 24.44
2HXF 21.511 41.646 35.962 2HXH 21.511 41.646 35.962
2HXF 45.915 19.291 34.636 2HXH 45.915 19.291 34.636
1VSQ 11.994 -2.64 16.625 2JZN 11.994 -2.64 16.625
1VSQ 9.755 -1.628 16.419 2JZN 9.755 -1.628 16.419
1VSQ 4.027 -5.877 14.267 2JZN 4.027 -5.877 14.267
3B61 -66.157 -74.088 -14.203 2NPK 44.786 15.623 5.163
3B61 -66.157 -74.088 -14.203 2NPK 42.561 17.332 9.576
3B61 -64.345 -78.978 -13.295 2NPK 42.561 17.332 9.576
3B61 -62.094 -82.521 -17.055 2NPK 42.561 17.332 9.576
3B61 -69.961 -75.33 -24.014 2NPK 44.786 15.623 5.163
3B61 -69.961 -75.33 -24.014 2NPK 42.561 17.332 9.576
3B61 -71.523 -72.889 -29.468 2NPK 44.786 15.623 5.163
3B61 -71.523 -72.889 -29.468 2NPK 42.561 17.332 9.576
3B61 -70.009 -79.263 -19.037 2NPK 44.786 15.623 5.163
3B61 -70.009 -79.263 -19.037 2NPK 42.561 17.332 9.576
3B61 -70.927 -80.253 -22.507 2NPK 44.786 15.623 5.163
3B61 -70.927 -80.253 -22.507 2NPK 42.561 17.332 9.576
3B61 -65.402 -91.358 -18.763 2NPK 42.561 17.332 9.576
3B61 -39.426 -111.211 -42.827 2NPK 44.786 15.623 5.163
3B61 -39.426 -111.211 -42.827 2NPK 42.561 17.332 9.576
3B61 -82.383 -75.569 -33.375 2NPK 43.931 18.344 7.734
3B61 -51.06 -102.03 -54.152 2NPK 44.786 15.623 5.163
3B61 -54.382 -103.29 -47.039 2NPK 44.786 15.623 5.163
3B61 -43.666 -107.039 -58.166 2NPK 44.786 15.623 5.163
3B62 49.595 19.742 14.758 2NPK 48.423 16.478 13.352
3B62 41.62 16.288 15.593 2NPK 43.522 12.3 12.607
3B62 33.191 13.569 19.434 2NPK 42.561 17.332 9.576
3B62 23.094 14.901 15.35 2NPK 42.561 17.332 9.576
3B62 53.198 12.222 31.422 2NPK 48.36 16.792 12.013
3B62 24.27 11.251 17.875 2NPK 42.561 17.332 9.576
3B62 23.177 10.711 14.241 2NPK 42.561 17.332 9.576
3B62 53.198 12.222 31.422 2NPK 49.144 17.823 11.463
3B62 50.896 18.858 33.185 2NPK 48.36 16.792 12.013
3B62 50.896 18.858 33.185 2NPK 49.144 17.823 11.463
3B62 33.598 17.323 34.222 2NPK 42.131 17.142 13.711
3B62 21.461 15.006 18.854 2NPK 42.561 17.332 9.576
3B62 23.094 14.901 15.35 2NPK 44.786 15.623 5.163
3B62 41.561 11.071 36.29 2NPK 48.423 16.478 13.352
3B62 52.597 14.911 36.58 2NPK 48.36 16.792 12.013
3B62 49.722 17.304 37.167 2NPK 48.36 16.792 12.013
3B62 43.874 14.178 38.712 2NPK 42.131 17.142 13.711
3B62 50.796 11.524 38.188 2NPK 48.423 16.478 13.352
3B62 43.874 14.178 38.712 2NPK 48.423 16.478 13.352
1KPK 30.221 95.628 11.291 2NUU 24.891 28.076 41.895
1KPK 30.221 95.628 11.291 2NUU 28.844 25.642 44.041
2BBJ 39.648 29.174 111.884 2NUU 21.49 27.483 99.665
2BBJ 33.861 29.468 117.761 2NUU 21.49 27.483 99.665
2BBJ 31.351 36.141 117.695 2NUU 21.49 27.483 99.665
2BBJ 30.75 35.044 118.305 2NUU 21.597 28.608 98.833
2BBJ 33.861 29.468 117.761 2NUU 21.239 22.517 99.679
2BBJ 39.846 31.068 117.305 2NUU 25.312 25.452 97.223
2BBJ 39.846 31.068 117.305 2NUU 21.597 28.608 98.833
2BBJ 42.945 30.297 115.336 2NUU 21.49 27.483 99.665
2BBJ 39.846 31.068 117.305 2NUU 22.961 27.84 94.541
2BL2 43.27 64.43 16.601 2NUU 20.193 28.042 43.455
2BL2 43.277 66.848 17.457 2NUU 23.517 28.513 46.32
2FEE 10.355 -9.51 24.082 2NUU 21.207 23.204 40.995
2FEE 12.746 -13.09 22.94 2NUU 22.145 19.263 43.895
2NWL 25.94 29.4 22.649 2NUU 24.891 28.076 41.895
2NWL 17.068 30.854 22.809 2NUU 24.263 27.156 41.062
2NWW 22.409 36.144 20.84 2NUU 24.891 28.076 41.895
2NWW 22.409 36.144 20.84 2NUU 15.696 25.222 92.81
2NWW 25.834 35.882 19.145 2NUU 15.696 25.222 92.81
2NWX 17.333 30.461 23.247 2NUU 20.193 28.042 43.455
2R6G -28.398 41.636 20.92 2NUU 20.014 23.332 41.717
2R6G -29.966 43.625 20.972 2NUU 16.246 25.811 94.103
3B61 -82.383 -75.569 -33.375 2NUU 20.014 23.332 41.717
3B61 -82.543 -79 -29.982 2NUU 20.014 23.332 41.717
3B61 -82.383 -75.569 -33.375 2NUU 26.681 21.44 42.279
3B61 -87.306 -77.026 -32.006 2NUU 21.207 23.204 40.995
3B61 -87.565 -80.165 -27.67 2NUU 21.207 23.204 40.995
3B61 -87.306 -77.026 -32.006 2NUU 21.504 24.12 39.967
3B61 -83.551 -83.331 -27.76 2NUU 20.111 22.089 46.159
3B61 -83.551 -83.331 -27.76 2NUU 19.153 22.399 47.313
3B61 -74.894 -93.988 -29.188 2NUU 20.111 22.089 46.159
3B61 -74.894 -93.988 -29.188 2NUU 19.153 22.399 47.313
3B61 -74.894 -93.988 -29.188 2NUU 20.193 28.042 43.455
3B61 -42.008 -121.292 -37.237 2NUU 20.014 23.332 41.717
3B61 -42.008 -121.292 -37.237 2NUU 26.681 21.44 42.279
3B61 -44.179 -126.134 -37.652 2NUU 21.207 23.204 40.995
3B61 -74.748 -97.302 -25.784 2NUU 15.696 25.222 92.81
3B61 -81.581 -83.969 -31.021 2NUU 16.246 25.811 94.103
3B61 -76.916 -90.178 -30.944 2NUU 18.121 20.07 96.86
3B61 -75.258 -90.068 -34.312 2NUU 15.696 25.222 92.81
3B61 -78.238 -94.208 -27.347 2NUU 18.121 20.07 96.86
3B62 17.975 16.722 35.528 2NUU 21.207 23.204 40.995
3B62 17.975 16.722 35.528 2NUU 21.504 24.12 39.967
3B62 26.937 18.77 37.388 2NUU 28.844 25.642 44.041
3B62 17.975 16.722 35.528 2NUU 25.417 22.344 40.445
3B62 17.975 16.722 35.528 2NUU 26.325 22.527 41.474
3B62 37.386 20.003 36.373 2NUU 26.681 21.44 42.279
3B62 17.975 16.722 35.528 2NUU 24.263 27.156 41.062
3B62 40.002 17.523 40.283 2NUU 26.681 21.44 42.279
3B62 41.84 16.908 36.986 2NUU 28.844 25.642 44.041
3B62 34.555 18.412 19.934 2NUU 28.844 25.642 44.041
3B62 34.555 18.412 19.934 2NUU 24.891 28.076 41.895
3B62 39.687 16.788 18.861 2NUU 25.417 22.344 40.445
3B62 36.402 14.3 21.283 2NUU 28.844 25.642 44.041
3B62 39.687 16.788 18.861 2NUU 26.325 22.527 41.474
3B62 36.402 14.3 21.283 2NUU 24.891 28.076 41.895
3B62 36.778 10.008 21.735 2NUU 28.844 25.642 44.041
3B62 31.781 16.436 21.611 2NUU 23.517 28.513 46.32
3B62 39.687 16.788 18.861 2NUU 24.263 27.156 41.062
3B62 39.409 6.77 24.565 2NUU 28.844 25.642 44.041
2NUU 24.891 28.076 41.895 2NWL 25.94 29.4 22.649
2NUU 24.263 27.156 41.062 2NWL 17.068 30.854 22.809
3B61 -82.383 -75.569 -33.375 2NWL 22.527 23.833 18.913
3B62 20.254 20.17 18.048 2NWL 22.527 23.833 18.913
3B62 19.451 22.645 34.403 2NWL 22.819 26.381 23.02
3B62 15.727 19.215 33.744 2NWL 19.801 28.558 25.093
3B62 23.079 18.41 34.466 2NWL 22.819 26.381 23.02
3B62 34.555 18.412 19.934 2NWL 25.94 29.4 22.649
3B62 19.451 22.645 34.403 2NWL 25.94 29.4 22.649
3B62 6.005 18.044 30.341 2NWL 16.339 26.552 22.198
3B62 21.242 14.267 33.101 2NWL 24.263 25.909 23.006
3B62 21.242 14.267 33.101 2NWL 22.819 26.381 23.02
3B62 6.005 18.044 30.341 2NWL 14.859 26.809 20.163
3B62 23.079 18.41 34.466 2NWL 25.94 29.4 22.649
3B62 8.64 12.864 27.482 2NWL 16.339 26.552 22.198
3B62 8.64 12.864 27.482 2NWL 14.859 26.809 20.163
3B62 6.005 18.044 30.341 2NWL 17.099 25.669 19.971
3B62 19.931 10.428 28.884 2NWL 23.847 23.485 18.648
3B62 8.64 12.864 27.482 2NWL 17.099 25.669 19.971
3B62 14.56 14.298 33.285 2NWL 19.801 28.558 25.093
3B62 36.402 14.3 21.283 2NWL 25.94 29.4 22.649
3B62 21.242 14.267 33.101 2NWL 25.94 29.4 22.649
2NUU 24.891 28.076 41.895 2NWW 22.409 36.144 20.84
2NUU 15.696 25.222 92.81 2NWW 22.409 36.144 20.84
2NUU 15.696 25.222 92.81 2NWW 25.834 35.882 19.145
3B62 19.451 22.645 34.403 2NWW 22.409 36.144 20.84
3B62 23.079 18.41 34.466 2NWW 22.409 36.144 20.84
3B62 23.079 18.41 34.466 2NWW 25.834 35.882 19.145
2NUU 20.193 28.042 43.455 2NWX 17.333 30.461 23.247
2NUU 20.014 23.332 41.717 2R6G -28.398 41.636 20.92
2NUU 16.246 25.811 94.103 2R6G -29.966 43.625 20.972
1XFH 15.517 33.032 15.225 3B61 -82.383 -75.569 -33.375
1XFH 18.381 25.545 14.878 3B61 -83.957 -81.434 -32.548
1XFH 17.235 30.073 22.75 3B61 -82.383 -75.569 -33.375
1XFH 17.687 25.35 19.813 3B61 -83.551 -83.331 -27.76
1XFH 17.687 25.35 19.813 3B61 -81.581 -83.969 -31.021
1XFH 19.593 33.847 12.184 3B61 -82.383 -75.569 -33.375
1XFH 18.381 25.545 14.878 3B61 -72.004 -94.893 -33.353
1XFH 17.687 25.35 19.813 3B61 -74.894 -93.988 -29.188
1XFH 17.687 25.35 19.813 3B61 -89.009 -84.33 -22.837
1XFH 17.687 25.35 19.813 3B61 -51.06 -102.03 -54.152
1XFH 19.593 33.847 12.184 3B61 -50.139 -104.708 -45.75
1XFH 20.458 32.763 12.189 3B61 -54.382 -103.29 -47.039
1XFH 20.458 32.763 12.189 3B61 -51.06 -102.03 -54.152
1XFH 20.458 32.763 12.189 3B61 -43.666 -107.039 -58.166
1XFH 18.381 25.545 14.878 3B61 -48.012 -122.323 -36.511
1XFH 20.458 32.763 12.189 3B61 -39.816 -108.458 -62.212
1XFH 20.458 32.763 12.189 3B61 -47.972 -109.956 -51.625
1XFH 19.593 33.847 12.184 3B61 -42.008 -121.292 -37.237
1XFH 19.593 33.847 12.184 3B61 -46.14 -121.414 -39.702
2BL2 43.129 61.763 10.901 3B61 -82.383 -75.569 -33.375
2BL2 42.643 62.833 11.647 3B61 -82.383 -75.569 -33.375
2NPK 44.786 15.623 5.163 3B61 -66.157 -74.088 -14.203
2NPK 42.561 17.332 9.576 3B61 -66.157 -74.088 -14.203
2NPK 42.561 17.332 9.576 3B61 -64.345 -78.978 -13.295
2NPK 42.561 17.332 9.576 3B61 -62.094 -82.521 -17.055
2NPK 44.786 15.623 5.163 3B61 -69.961 -75.33 -24.014
2NPK 42.561 17.332 9.576 3B61 -69.961 -75.33 -24.014
2NPK 44.786 15.623 5.163 3B61 -71.523 -72.889 -29.468
2NPK 42.561 17.332 9.576 3B61 -71.523 -72.889 -29.468
2NPK 44.786 15.623 5.163 3B61 -70.009 -79.263 -19.037
2NPK 42.561 17.332 9.576 3B61 -70.009 -79.263 -19.037
2NPK 44.786 15.623 5.163 3B61 -70.927 -80.253 -22.507
2NPK 42.561 17.332 9.576 3B61 -70.927 -80.253 -22.507
2NPK 42.561 17.332 9.576 3B61 -65.402 -91.358 -18.763
2NPK 44.786 15.623 5.163 3B61 -39.426 -111.211 -42.827
2NPK 42.561 17.332 9.576 3B61 -39.426 -111.211 -42.827
2NPK 43.931 18.344 7.734 3B61 -82.383 -75.569 -33.375
2NPK 44.786 15.623 5.163 3B61 -51.06 -102.03 -54.152
2NPK 44.786 15.623 5.163 3B61 -54.382 -103.29 -47.039
2NPK 44.786 15.623 5.163 3B61 -43.666 -107.039 -58.166
2NUU 20.014 23.332 41.717 3B61 -82.383 -75.569 -33.375
2NUU 20.014 23.332 41.717 3B61 -82.543 -79 -29.982
2NUU 26.681 21.44 42.279 3B61 -82.383 -75.569 -33.375
2NUU 21.207 23.204 40.995 3B61 -87.306 -77.026 -32.006
2NUU 21.207 23.204 40.995 3B61 -87.565 -80.165 -27.67
2NUU 21.504 24.12 39.967 3B61 -87.306 -77.026 -32.006
2NUU 20.111 22.089 46.159 3B61 -83.551 -83.331 -27.76
2NUU 19.153 22.399 47.313 3B61 -83.551 -83.331 -27.76
2NUU 20.111 22.089 46.159 3B61 -74.894 -93.988 -29.188
2NUU 19.153 22.399 47.313 3B61 -74.894 -93.988 -29.188
2NUU 20.193 28.042 43.455 3B61 -74.894 -93.988 -29.188
2NUU 20.014 23.332 41.717 3B61 -42.008 -121.292 -37.237
2NUU 26.681 21.44 42.279 3B61 -42.008 -121.292 -37.237
2NUU 21.207 23.204 40.995 3B61 -44.179 -126.134 -37.652
2NUU 15.696 25.222 92.81 3B61 -74.748 -97.302 -25.784
2NUU 16.246 25.811 94.103 3B61 -81.581 -83.969 -31.021
2NUU 18.121 20.07 96.86 3B61 -76.916 -90.178 -30.944
2NUU 15.696 25.222 92.81 3B61 -75.258 -90.068 -34.312
2NUU 18.121 20.07 96.86 3B61 -78.238 -94.208 -27.347
2NWL 22.527 23.833 18.913 3B61 -82.383 -75.569 -33.375
3B62 9.425 9.369 13.295 3B61 -49.193 -64.849 9.527
3B62 6.887 11.694 15.984 3B61 -49.193 -64.849 9.527
3B62 9.425 9.369 13.295 3B61 -47.41 -68.043 8.404
3B62 5.072 15.029 17.621 3B61 -50.063 -66.081 13.031
3B62 9.425 9.369 13.295 3B61 -52.81 -68.16 7.208
3B62 9.425 9.369 13.295 3B61 -52.331 -69.185 10.843
3B62 6.887 11.694 15.984 3B61 -52.81 -68.16 7.208
3B62 6.887 11.694 15.984 3B61 -52.331 -69.185 10.843
3B62 9.425 9.369 13.295 3B61 -52.041 -71.785 6.513
3B62 -4.176 8.866 18.309 3B61 -68.399 -67.982 -7.172
3B62 18.559 7.328 15.885 3B61 -52.81 -68.16 7.208
3B62 18.559 7.328 15.885 3B61 -52.331 -69.185 10.843
3B62 -3.328 9.31 23.802 3B61 -69.397 -65.203 -9.508
3B62 -3.328 9.31 23.802 3B61 -68.399 -67.982 -7.172
3B62 18.559 7.328 15.885 3B61 -52.041 -71.785 6.513
3B62 -3.328 9.31 23.802 3B61 -66.277 -72.538 -9.034
3B62 -0.94 14.758 25.416 3B61 -70.329 -62.784 -5.328
3B62 4.414 12.211 22.968 3B61 -70.329 -62.784 -5.328
3B62 4.361 9.654 14.05 3B61 -62.921 -74.029 -12.173
1XFH 17.687 25.35 19.813 3B62 14.121 20.999 15.51
1XFH 18.381 25.545 14.878 3B62 15.817 17.033 17.35
1XFH 17.687 25.35 19.813 3B62 6.763 18.933 21.075
1XFH 17.687 25.35 19.813 3B62 7.959 17.406 17.041
1XFH 20.454 27.413 25.099 3B62 25.872 16.437 32.81
1XFH 24.594 24.531 22.6 3B62 21.242 14.267 33.101
1XFH 17.687 25.35 19.813 3B62 5.072 15.029 17.621
1XFH 17.687 25.35 19.813 3B62 14.56 14.298 33.285
1XFH 17.687 25.35 19.813 3B62 4.414 12.211 22.968
2BBJ 33.861 29.468 117.761 3B62 23.75 16.771 37.874
2BBJ 33.861 29.468 117.761 3B62 36.402 14.3 21.283
2NPK 48.423 16.478 13.352 3B62 49.595 19.742 14.758
2NPK 43.522 12.3 12.607 3B62 41.62 16.288 15.593
2NPK 42.561 17.332 9.576 3B62 33.191 13.569 19.434
2NPK 42.561 17.332 9.576 3B62 23.094 14.901 15.35
2NPK 48.36 16.792 12.013 3B62 53.198 12.222 31.422
2NPK 42.561 17.332 9.576 3B62 24.27 11.251 17.875
2NPK 42.561 17.332 9.576 3B62 23.177 10.711 14.241
2NPK 49.144 17.823 11.463 3B62 53.198 12.222 31.422
2NPK 48.36 16.792 12.013 3B62 50.896 18.858 33.185
2NPK 49.144 17.823 11.463 3B62 50.896 18.858 33.185
2NPK 42.131 17.142 13.711 3B62 33.598 17.323 34.222
2NPK 42.561 17.332 9.576 3B62 21.461 15.006 18.854
2NPK 44.786 15.623 5.163 3B62 23.094 14.901 15.35
2NPK 48.423 16.478 13.352 3B62 41.561 11.071 36.29
2NPK 48.36 16.792 12.013 3B62 52.597 14.911 36.58
2NPK 48.36 16.792 12.013 3B62 49.722 17.304 37.167
2NPK 42.131 17.142 13.711 3B62 43.874 14.178 38.712
2NPK 48.423 16.478 13.352 3B62 50.796 11.524 38.188
2NPK 48.423 16.478 13.352 3B62 43.874 14.178 38.712
2NUU 21.207 23.204 40.995 3B62 17.975 16.722 35.528
2NUU 21.504 24.12 39.967 3B62 17.975 16.722 35.528
2NUU 28.844 25.642 44.041 3B62 26.937 18.77 37.388
2NUU 25.417 22.344 40.445 3B62 17.975 16.722 35.528
2NUU 26.325 22.527 41.474 3B62 17.975 16.722 35.528
2NUU 26.681 21.44 42.279 3B62 37.386 20.003 36.373
2NUU 24.263 27.156 41.062 3B62 17.975 16.722 35.528
2NUU 26.681 21.44 42.279 3B62 40.002 17.523 40.283
2NUU 28.844 25.642 44.041 3B62 41.84 16.908 36.986
2NUU 28.844 25.642 44.041 3B62 34.555 18.412 19.934
2NUU 24.891 28.076 41.895 3B62 34.555 18.412 19.934
2NUU 25.417 22.344 40.445 3B62 39.687 16.788 18.861
2NUU 28.844 25.642 44.041 3B62 36.402 14.3 21.283
2NUU 26.325 22.527 41.474 3B62 39.687 16.788 18.861
2NUU 24.891 28.076 41.895 3B62 36.402 14.3 21.283
2NUU 28.844 25.642 44.041 3B62 36.778 10.008 21.735
2NUU 23.517 28.513 46.32 3B62 31.781 16.436 21.611
2NUU 24.263 27.156 41.062 3B62 39.687 16.788 18.861
2NUU 28.844 25.642 44.041 3B62 39.409 6.77 24.565
2NWL 22.527 23.833 18.913 3B62 20.254 20.17 18.048
2NWL 22.819 26.381 23.02 3B62 19.451 22.645 34.403
2NWL 19.801 28.558 25.093 3B62 15.727 19.215 33.744
2NWL 22.819 26.381 23.02 3B62 23.079 18.41 34.466
2NWL 25.94 29.4 22.649 3B62 34.555 18.412 19.934
2NWL 25.94 29.4 22.649 3B62 19.451 22.645 34.403
2NWL 16.339 26.552 22.198 3B62 6.005 18.044 30.341
2NWL 24.263 25.909 23.006 3B62 21.242 14.267 33.101
2NWL 22.819 26.381 23.02 3B62 21.242 14.267 33.101
2NWL 14.859 26.809 20.163 3B62 6.005 18.044 30.341
2NWL 25.94 29.4 22.649 3B62 23.079 18.41 34.466
2NWL 16.339 26.552 22.198 3B62 8.64 12.864 27.482
2NWL 14.859 26.809 20.163 3B62 8.64 12.864 27.482
2NWL 17.099 25.669 19.971 3B62 6.005 18.044 30.341
2NWL 23.847 23.485 18.648 3B62 19.931 10.428 28.884
2NWL 17.099 25.669 19.971 3B62 8.64 12.864 27.482
2NWL 19.801 28.558 25.093 3B62 14.56 14.298 33.285
2NWL 25.94 29.4 22.649 3B62 36.402 14.3 21.283
2NWL 25.94 29.4 22.649 3B62 21.242 14.267 33.101
2NWW 22.409 36.144 20.84 3B62 19.451 22.645 34.403
2NWW 22.409 36.144 20.84 3B62 23.079 18.41 34.466
2NWW 25.834 35.882 19.145 3B62 23.079 18.41 34.466
3B61 -49.193 -64.849 9.527 3B62 9.425 9.369 13.295
3B61 -49.193 -64.849 9.527 3B62 6.887 11.694 15.984
3B61 -47.41 -68.043 8.404 3B62 9.425 9.369 13.295
3B61 -50.063 -66.081 13.031 3B62 5.072 15.029 17.621
3B61 -52.81 -68.16 7.208 3B62 9.425 9.369 13.295
3B61 -52.331 -69.185 10.843 3B62 9.425 9.369 13.295
3B61 -52.81 -68.16 7.208 3B62 6.887 11.694 15.984
3B61 -52.331 -69.185 10.843 3B62 6.887 11.694 15.984
3B61 -52.041 -71.785 6.513 3B62 9.425 9.369 13.295
3B61 -68.399 -67.982 -7.172 3B62 -4.176 8.866 18.309
3B61 -52.81 -68.16 7.208 3B62 18.559 7.328 15.885
3B61 -52.331 -69.185 10.843 3B62 18.559 7.328 15.885
3B61 -69.397 -65.203 -9.508 3B62 -3.328 9.31 23.802
3B61 -68.399 -67.982 -7.172 3B62 -3.328 9.31 23.802
3B61 -52.041 -71.785 6.513 3B62 18.559 7.328 15.885
3B61 -66.277 -72.538 -9.034 3B62 -3.328 9.31 23.802
3B61 -70.329 -62.784 -5.328 3B62 -0.94 14.758 25.416
3B61 -70.329 -62.784 -5.328 3B62 4.414 12.211 22.968
3B61 -62.921 -74.029 -12.173 3B62 4.361 9.654 14.05
3c1j 41.666 3.832 10.449 3B62 41.812 11.413 19.128
3B62 41.812 11.413 19.128 3C1J 41.666 3.832 10.449
3c1j 56.493 4.288 0.947 3C1J 56.493 4.288 0.947
