1VRV 122.021 24.301 -28.556 1VKR 322.02 224.3 171.442
1VRV 111.861 -1.074 -29.885 1VKR 311.86 198.925 170.113
1VRV 120.563 20.243 -24.59 1VKR 320.562 220.242 175.408
1VRV 121.489 -3.088 -12.659 1VKR 321.489 196.91 187.339
1VRV 115.646 -7.014 -16.319 1VKR 315.645 192.985 183.68
1VRV 123.288 9.902 -8.381 1VKR 323.287 209.902 191.617
1VRV 109.666 -6.347 -22.09 1VKR 309.666 193.652 177.908
1VRV 118.486 17.302 -18.819 1VKR 318.485 217.302 181.179
1VRV 123.055 18.438 -13.972 1VKR 323.054 218.438 186.026
1VRV 117.68 -8.262 -22.302 1VKR 317.68 191.736 177.697
1VRV 122.771 4.249 -8.744 1VKR 322.77 204.248 191.255
1VRV 119.262 -0.841 -29.559 1VKR 319.261 199.158 170.44
1VRV 109.856 15.237 -13.972 1VKR 309.855 215.236 186.027
1VRV 123.193 -2.332 -20.072 1VKR 323.192 197.667 179.927
1VRV 120.051 3.852 -25.844 1VKR 320.05 203.852 174.154
1VRV 106.098 10.609 -20.174 1VKR 306.098 210.608 179.824
1VRV 107.361 20.389 -28.385 1VKR 307.36 220.389 171.613
1VRV 115.774 9.737 -31.902 1VKR 315.773 209.736 168.097
1VRV 110.971 11.737 -32.194 1VKR 310.971 211.736 167.804
1VKR 322.02 224.3 171.442 1VRV 122.021 24.301 -28.556
1VKR 311.86 198.925 170.113 1VRV 111.861 -1.074 -29.885
1VKR 320.562 220.242 175.408 1VRV 120.563 20.243 -24.59
1VKR 321.489 196.91 187.339 1VRV 121.489 -3.088 -12.659
1VKR 315.645 192.985 183.68 1VRV 115.646 -7.014 -16.319
1VKR 323.287 209.902 191.617 1VRV 123.288 9.902 -8.381
1VKR 309.666 193.652 177.908 1VRV 109.666 -6.347 -22.09
1VKR 318.485 217.302 181.179 1VRV 118.486 17.302 -18.819
1VKR 323.054 218.438 186.026 1VRV 123.055 18.438 -13.972
1VKR 317.68 191.736 177.697 1VRV 117.68 -8.262 -22.302
1VKR 322.77 204.248 191.255 1VRV 122.771 4.249 -8.744
1VKR 319.261 199.158 170.44 1VRV 119.262 -0.841 -29.559
1VKR 309.855 215.236 186.027 1VRV 109.856 15.237 -13.972
1VKR 323.192 197.667 179.927 1VRV 123.193 -2.332 -20.072
1VKR 320.05 203.852 174.154 1VRV 120.051 3.852 -25.844
1VKR 306.098 210.608 179.824 1VRV 106.098 10.609 -20.174
1VKR 307.36 220.389 171.613 1VRV 107.361 20.389 -28.385
1VKR 315.773 209.736 168.097 1VRV 115.774 9.737 -31.902
1VKR 310.971 211.736 167.804 1VRV 110.971 11.737 -32.194
2JZN 2.046 -1.465 22.174 1VSQ 2.046 -1.465 22.174
2JZN -1.761 -4.426 21.127 1VSQ -1.761 -4.426 21.127
2JZN 8.381 -21.912 3.158 1VSQ 8.381 -21.912 3.158
2JZN 0.536 -5.396 21.238 1VSQ 0.536 -5.396 21.238
2JZN 13.175 -23.12 5.425 1VSQ 13.175 -23.12 5.425
2JZN 10.678 -24.111 4.914 1VSQ 10.678 -24.111 4.914
2JZN 6.065 0.643 18.785 1VSQ 6.065 0.643 18.785
2JZN 6.822 29.134 -15.968 1VSQ 6.822 29.134 -15.968
2JZN 9.083 -22.207 4.44 1VSQ 9.083 -22.207 4.44
2JZN 15.982 -22.153 4.067 1VSQ 15.982 -22.153 4.067
2JZN 14.694 -20.069 4.348 1VSQ 14.694 -20.069 4.348
2JZN 7.522 0.442 18.497 1VSQ 7.522 0.442 18.497
2JZN 14.131 -21.521 6.592 1VSQ 14.131 -21.521 6.592
2JZN 8.229 35.43 -20.919 1VSQ 8.229 35.43 -20.919
2JZN 6.788 34.673 -21.753 1VSQ 6.788 34.673 -21.753
2JZN 9.225 -23.733 4.603 1VSQ 9.225 -23.733 4.603
2JZN 5.736 2.141 18.639 1VSQ 5.736 2.141 18.639
2JZN 10.986 -23.781 6.386 1VSQ 10.986 -23.781 6.386
2JZN 1.605 4.19 22.412 1VSQ 1.605 4.19 22.412
2JZO 7.813 -6.678 -13.173 1VSQ 7.892 -6.738 -13.116
2JZO -5.23 -1.325 25.902 1VSQ -5.36 -1.19 25.867
2JZO -9.949 4.419 21.841 1VSQ -10.161 4.433 21.726
2HXH 30.865 47.148 102.545 2HXF 30.865 47.148 102.545
2HXH 44.377 48.152 102.058 2HXF 44.377 48.152 102.058
2HXH 36.715 49.766 106.392 2HXF 36.715 49.766 106.392
2HXH 39.133 51.858 102.808 2HXF 39.133 51.858 102.808
2HXH 31.121 51.956 102.551 2HXF 31.121 51.956 102.551
2HXH 28.274 56.626 89.591 2HXF 28.274 56.626 89.591
2HXH 18.672 49.733 72.049 2HXF 18.672 49.733 72.049
2HXH 37.525 48.179 101.495 2HXF 37.525 48.179 101.495
2HXH 35.791 47.366 103.153 2HXF 35.791 47.366 103.153
2HXH 33.305 44.575 96.513 2HXF 33.305 44.575 96.513
2HXH 28.514 51.124 100.259 2HXF 28.514 51.124 100.259
2HXH 45.359 47.911 100.113 2HXF 45.359 47.911 100.113
2HXH 25.004 37.101 87.463 2HXF 25.004 37.101 87.463
2HXH 26.055 41.176 86.664 2HXF 26.055 41.176 86.664
2HXH 28.243 40.66 87.488 2HXF 28.243 40.66 87.488
2HXH 24.128 38.695 93.294 2HXF 24.128 38.695 93.294
2HXH 35.52 50.603 104.819 2HXF 35.52 50.603 104.819
2HXH 20.899 52.042 66.258 2HXF 20.899 52.042 66.258
2HXH 18.594 34.791 87.514 2HXF 18.594 34.791 87.514
2HXF 33.237 18.628 62.955 2HXH 33.237 18.628 62.955
2HXF 42.513 53.056 35.626 2HXH 42.513 53.056 35.626
2HXF 35.548 18.325 67.811 2HXH 35.548 18.325 67.811
2HXF 43.736 52.18 35.334 2HXH 43.736 52.18 35.334
2HXF 43.637 51.145 40.354 2HXH 43.637 51.145 40.354
2HXF 37.762 13.02 68.801 2HXH 37.762 13.02 68.801
2HXF 37.34 11.815 68.404 2HXH 37.34 11.815 68.404
2HXF 40.458 51.365 34.826 2HXH 40.458 51.365 34.826
2HXF 37.707 15.515 69.129 2HXH 37.707 15.515 69.129
2HXF 37.199 14.293 68.341 2HXH 37.199 14.293 68.341
2HXF 44.154 51.383 43.353 2HXH 44.154 51.383 43.353
2HXF 36.345 11.704 67.53 2HXH 36.345 11.704 67.53
2HXF 24.128 38.695 93.294 2HXH 24.128 38.695 93.294
2HXF 26.225 38.161 95.299 2HXH 26.225 38.161 95.299
2HXF 25.809 40.471 93.441 2HXH 25.809 40.471 93.441
2HXF 24.079 37.29 91.541 2HXH 24.079 37.29 91.541
2HXF 20.464 36.131 93.961 2HXH 20.464 36.131 93.961
2HXF 22.902 36.085 94.491 2HXH 22.902 36.085 94.491
2HXF 30.548 25.204 70.473 2HXH 30.548 25.204 70.473
1VSQ 1.611 5.677 29.754 2JZN 1.611 5.677 29.754
1VSQ 1.488 6.318 27.649 2JZN 1.488 6.318 27.649
1VSQ -8.036 -5.719 17.909 2JZN -8.036 -5.719 17.909
1VSQ -7.242 -6.993 17.627 2JZN -7.242 -6.993 17.627
1VSQ -2.505 -9.237 15.458 2JZN -2.505 -9.237 15.458
1VSQ 1.57 2.066 25.721 2JZN 1.57 2.066 25.721
1VSQ -6.659 -9.895 17.368 2JZN -6.659 -9.895 17.368
1VSQ -2.033 -8.708 17.49 2JZN -2.033 -8.708 17.49
1VSQ -4.348 -4.872 18.111 2JZN -4.348 -4.872 18.111
1VSQ -1.215 -7.287 15.791 2JZN -1.215 -7.287 15.791
1VSQ -1.981 -8.513 16.29 2JZN -1.981 -8.513 16.29
1VSQ -0.34 0.226 26.475 2JZN -0.34 0.226 26.475
1VSQ -1.45 -0.503 27.201 2JZN -1.45 -0.503 27.201
1VSQ -2.253 -1.205 29.419 2JZN -2.253 -1.205 29.419
1VSQ 0.105 -0.721 24.327 2JZN 0.105 -0.721 24.327
1VSQ -3.201 -1.707 28.809 2JZN -3.201 -1.707 28.809
1VSQ 1.605 4.19 22.412 2JZN 1.605 4.19 22.412
1VSQ -10.326 -0.882 22.617 2JZN -10.326 -0.882 22.617
1VSQ -11.336 1.149 28.889 2JZN -11.336 1.149 28.889
2JZO 7.813 -6.678 -13.173 2JZN 7.892 -6.738 -13.116
2JZO -5.23 -1.325 25.902 2JZN -5.36 -1.19 25.867
2JZO -9.949 4.419 21.841 2JZN -10.161 4.433 21.726
1VSQ 7.892 -6.738 -13.116 2JZO 7.813 -6.678 -13.173
1VSQ -5.36 -1.19 25.867 2JZO -5.23 -1.325 25.902
1VSQ -10.161 4.433 21.726 2JZO -9.949 4.419 21.841
2JZN 7.892 -6.738 -13.116 2JZO 7.813 -6.678 -13.173
2JZN -5.36 -1.19 25.867 2JZO -5.23 -1.325 25.902
2JZN -10.161 4.433 21.726 2JZO -9.949 4.419 21.841
3c1j 62.401 4.097 -6.201 3C1J 62.401 4.097 -6.201
3c1j 27.169 9.729 -1.1 3C1J 27.169 9.729 -1.1
3c1j 65.362 2.552 3.4 3C1J 65.362 2.552 3.4
3c1j 33.668 10.052 2.788 3C1J 33.668 10.052 2.788
3c1j 65.682 5.66 -6.221 3C1J 65.682 5.66 -6.221
3c1j 32.783 3.842 28.375 3C1J 32.783 3.842 28.375
3c1j 38.044 2.993 29.298 3C1J 38.044 2.993 29.298
3c1j 37.432 6.833 1.674 3C1J 37.432 6.833 1.674
3c1j 61.84 0.023 -4.077 3C1J 61.84 0.023 -4.077
3c1j 28.993 29.33 9.887 3C1J 28.993 29.33 9.887
3c1j 59.18 1.424 -6.434 3C1J 59.18 1.424 -6.434
3c1j 64.456 5.538 -6.177 3C1J 64.456 5.538 -6.177
3c1j 30.615 8.878 -4.092 3C1J 30.615 8.878 -4.092
3c1j 44.74 16.415 19.076 3C1J 44.74 16.415 19.076
3c1j 36.715 10.821 28.562 3C1J 36.715 10.821 28.562
3c1j 39.546 5.355 29.663 3C1J 39.546 5.355 29.663
3c1j 34.354 9.241 0.797 3C1J 34.354 9.241 0.797
3c1j 35.27 3.423 28.406 3C1J 35.27 3.423 28.406
3c1j 64.637 5.15 -1.447 3C1J 64.637 5.15 -1.447
