1DAG 0.6 19.437 9.76 2it5 24.986 29.134 9.713
1G29 174.259 9.269 25.305 2it5 21.96 40.837 -0.616
1KJV 15.277 -6.659 29.482 2it5 21.96 40.837 -0.616
1L2T 9.741 5.361 22.061 2it5 21.96 40.837 -0.616
1N2Z 19.502 55.384 68.434 2it5 21.96 40.837 -0.616
1TLY -3.703 106.384 -10.131 2it5 21.96 40.837 -0.616
1U7C 64.485 9.072 68.862 2it5 21.96 40.837 -0.616
1U7G 36.299 0.735 -30.583 2it5 27.807 28.37 18.564
1U7G 65.65 -7.732 -67.877 2it5 21.96 40.837 -0.616
1VKR 321.355 225.121 172.203 2it5 21.96 40.837 -0.616
1VRV 121.356 25.121 -27.797 2it5 21.96 40.837 -0.616
1XC1 75.955 -14.951 38 2it5 21.96 40.837 -0.616
1Z47 -1.718 4.829 34.476 2it5 21.023 41.017 -1.54
2DHH 133.067 118.679 81.117 2it5 27.807 28.37 18.564
2FEW 110.897 31.933 -18.933 2it5 21.96 40.837 -0.616
2FGJ 19.295 -6.013 19.558 2it5 21.96 40.837 -0.616
2HMW 30.729 47.672 10.635 2it5 27.877 28.12 17.177
2NPD 33.519 8.154 8.104 2it5 27.807 28.37 18.564
2NPE 54.085 6.375 -8.538 2it5 21.96 40.837 -0.616
2NPK 44.029 12.368 8.22 2it5 27.877 28.12 17.177
2NQ2 -3.385 -16.812 25.252 2it5 27.877 28.12 17.177
2NQW 2.746 26.511 21.945 2it5 21.96 40.837 -0.616
2NS1 -11.555 -9.562 141.027 2it5 21.96 40.837 -0.616
2NUU 3.598 37.734 38.056 2it5 27.877 28.12 17.177
2NUU 22.266 -0.162 39.854 2it5 27.807 28.37 18.564
2NUU 15.77 -2.28 41.653 2it5 27.877 28.12 17.177
2NUU 9.123 -0.788 99.077 2it5 27.877 28.12 17.177
2O8B -71.558 73.134 51.922 2it5 6.495 36.326 -20.82
2O8E -72.058 72.097 50.803 2it5 21.023 41.017 -1.54
2ONK -33.154 27.627 6.125 2it5 27.807 28.37 18.564
2ONK -28.431 -10.456 -17.603 2it5 21.96 40.837 -0.616
2ONK 22.847 130.641 -69.689 2it5 21.96 40.837 -0.616
2ONK -17.54 117.785 -106.529 2it5 21.023 41.017 -1.54
2PLI 49.687 -19.722 17.409 2it5 21.96 40.837 -0.616
2Q6H 46.027 40.563 33.916 2it5 27.877 28.12 17.177
2Q72 45.923 40.535 34.09 2it5 27.877 28.12 17.177
2QB4 45.973 40.609 34.112 2it5 27.877 28.12 17.177
2QF7 93.633 101.686 19.966 2it5 21.96 40.837 -0.616
2QI9 28.111 34.409 52.941 2it5 27.807 28.37 18.564
2QJU -2.063 -25.096 -3.98 2it5 24.986 29.134 9.713
2QZY -31.629 -30.002 69.267 2it5 21.96 40.837 -0.616
2R6G -22.181 -2.91 -19.573 2it5 21.96 40.837 -0.616
2R9H -47.854 -17.346 -49.853 2it5 21.96 40.837 -0.616
2RK7 41.12 30.427 5.064 2it5 6.495 36.326 -20.82
2V67 25.09 128.235 61.152 2it5 21.023 41.017 -1.54
2V6A 59.175 160.742 116.986 2it5 21.96 40.837 -0.616
2YVX 69.001 39.59 167.292 2it5 21.96 40.837 -0.616
2YVX 67.515 40.57 168.768 2it5 21.96 40.837 -0.616
2YVX 105.589 78.821 204.248 2it5 21.96 40.837 -0.616
2YVY -6.926 -36.549 15.149 2it5 20.452 42.208 -1.669
2YVZ -10.468 -136.167 -103.703 2it5 21.023 41.017 -1.54
2ZCI 31.024 -33.451 -66.138 2it5 26.218 29.339 9.637
2it5 -4.064 22.649 3.724 2it5 -4.064 22.649 3.724
2it5 -3.464 23.888 4.405 2it5 -3.464 23.888 4.405
2it5 8.375 26.264 14.691 2it5 8.375 26.264 14.691
2it5 -3.347 21.452 4.145 2it5 -3.347 21.452 4.145
2it5 10.312 24.25 13.356 2it5 10.312 24.25 13.356
2it5 -4.067 25.09 3.939 2it5 -4.067 25.09 3.939
2it5 -6.552 23.454 -0.173 2it5 -6.552 23.454 -0.173
2it5 10.201 27.026 16.703 2it5 10.201 27.026 16.703
2it5 6.687 27.954 17.489 2it5 6.687 27.954 17.489
2it5 -3.247 31.298 -7.428 2it5 -3.247 31.298 -7.428
2it5 -3.361 17.328 1.092 2it5 -3.361 17.328 1.092
2it5 12.897 34.877 26.05 2it5 12.897 34.877 26.05
2it5 15.004 31.882 24.93 2it5 15.004 31.882 24.93
2it5 11.856 32.631 25.019 2it5 11.856 32.631 25.019
2it5 -6.406 23.552 2.183 2it5 -6.406 23.552 2.183
2it5 -0.683 26.409 0.85 2it5 -0.683 26.409 0.85
2it5 -4.676 20.015 3.032 2it5 -4.676 20.015 3.032
2it5 -2.866 19.086 4.285 2it5 -2.866 19.086 4.285
2it5 -3.712 20.231 3.764 2it5 -3.712 20.231 3.764
2it5 7.026 26.89 16.617 2it5 7.026 26.89 16.617
2it5 -0.959 23.34 6.712 2it5 -0.959 23.34 6.712
2it5 -0.264 19.868 1.867 2it5 -0.264 19.868 1.867
2it5 -1.791 19.01 6.825 2it5 -1.791 19.01 6.825
2it5 0.297 21.314 6.829 2it5 0.297 21.314 6.829
2it5 0.322 19.942 6.147 2it5 0.322 19.942 6.147
2it5 1.263 17.791 4.734 2it5 1.263 17.791 4.734
2it5 4.231 19.965 3.945 2it5 4.231 19.965 3.945
2it5 14.693 22.936 15.176 2it5 14.693 22.936 15.176
2it5 2.134 19.073 2.916 2it5 2.134 19.073 2.916
2it5 4.327 18.667 1.803 2it5 4.327 18.667 1.803
2it5 3.629 18.824 3.14 2it5 3.629 18.824 3.14
2it5 -5.632 33.618 -3.087 2it5 -5.632 33.618 -3.087
2it5 -5.025 35.422 -1.554 2it5 -5.025 35.422 -1.554
2it5 -4.771 34.788 -2.924 2it5 -4.771 34.788 -2.924
2it5 12.596 28.292 21.421 2it5 12.596 28.292 21.421
2it5 -5.421 33.562 -5.329 2it5 -5.421 33.562 -5.329
2it5 -8.96 31.105 -3.685 2it5 -8.96 31.105 -3.685
2it5 12.462 23.677 14.427 2it5 12.462 23.677 14.427
2it5 11.438 29.31 19.526 2it5 11.438 29.31 19.526
2it5 12.167 31.329 21.347 2it5 12.167 31.329 21.347
2it5 8.875 32.326 23.494 2it5 8.875 32.326 23.494
2it5 -8.038 30.783 -2.541 2it5 -8.038 30.783 -2.541
2it5 -8.287 32.296 -4.299 2it5 -8.287 32.296 -4.299
2it5 -5.836 29.597 1.093 2it5 -5.836 29.597 1.093
2it5 -7.172 28.864 1.096 2it5 -7.172 28.864 1.096
2it5 10.328 31.901 23.294 2it5 10.328 31.901 23.294
2it5 -5.743 30.553 2.269 2it5 -5.743 30.553 2.269
2it5 -5.667 30.375 -0.216 2it5 -5.667 30.375 -0.216
2it5 13.692 31.493 26.142 2it5 13.692 31.493 26.142
2it5 -7.196 24.113 1.003 2it5 -7.196 24.113 1.003
2it5 12.57 32.525 26.281 2it5 12.57 32.525 26.281
2it5 13.131 33.866 26.747 2it5 13.131 33.866 26.747
2it5 -5.653 27.062 -2.778 2it5 -5.653 27.062 -2.778
2it5 10.648 31.179 17.055 2it5 10.648 31.179 17.055
2it5 8.333 32.829 22.288 2it5 8.333 32.829 22.288
2it5 10.758 30.683 25.309 2it5 10.758 30.683 25.309
2it5 9.206 29.389 19.281 2it5 9.206 29.389 19.281
2it5 13.887 24.103 14.728 2it5 13.887 24.103 14.728
2it5 -1.486 32.578 1.929 2it5 -1.486 32.578 1.929
2it5 10.409 30.646 22.559 2it5 10.409 30.646 22.559
2it5 -2.427 31.732 1.352 2it5 -2.427 31.732 1.352
2it5 -0.461 33.109 1.148 2it5 -0.461 33.109 1.148
2it5 -5.156 34.426 -0.554 2it5 -5.156 34.426 -0.554
2it5 -2.472 35.401 -3.271 2it5 -2.472 35.401 -3.271
2it5 11.38 29.097 20.961 2it5 11.38 29.097 20.961
2it5 6.865 21.434 -19.336 2it5 6.865 21.434 -19.336
2it5 5.976 20.329 -18.717 2it5 5.976 20.329 -18.717
2it5 6.857 19.145 -18.326 2it5 6.857 19.145 -18.326
2it5 4.052 18.916 -17.378 2it5 4.052 18.916 -17.378
2it5 1.42 17.764 -15.909 2it5 1.42 17.764 -15.909
2it5 2.077 20.089 -15.822 2it5 2.077 20.089 -15.822
2it5 2.721 22.247 -17.965 2it5 2.721 22.247 -17.965
2it5 6.089 25.601 -18.18 2it5 6.089 25.601 -18.18
2it5 3.789 24.962 -17.825 2it5 3.789 24.962 -17.825
2it5 2.887 24.307 -16.77 2it5 2.887 24.307 -16.77
2it5 2.99 22.797 -16.898 2it5 2.99 22.797 -16.898
2it5 1.015 25.586 -15.25 2it5 1.015 25.586 -15.25
2it5 0.529 25.669 -12.177 2it5 0.529 25.669 -12.177
2it5 0.548 27.176 -12.387 2it5 0.548 27.176 -12.387
2it5 7.267 28.201 -15.792 2it5 7.267 28.201 -15.792
2it5 1.32 29.561 -13.65 2it5 1.32 29.561 -13.65
2it5 2.043 28.575 -13.774 2it5 2.043 28.575 -13.774
2it5 3.394 28.561 -17.25 2it5 3.394 28.561 -17.25
2it5 3.28 32.141 -16.761 2it5 3.28 32.141 -16.761
2it5 3.34 30.93 -17.558 2it5 3.34 30.93 -17.558
2it5 3.366 29.666 -16.718 2it5 3.366 29.666 -16.718
2it5 5.514 32.39 -16.743 2it5 5.514 32.39 -16.743
2it5 7.07 34.115 -20.557 2it5 7.07 34.115 -20.557
2it5 6.495 36.326 -20.82 2it5 6.495 36.326 -20.82
2it5 11.802 20.647 -12.903 2it5 11.802 20.647 -12.903
2it5 12.632 22.586 -12.262 2it5 12.632 22.586 -12.262
2it5 11.182 16.743 -12.355 2it5 11.182 16.743 -12.355
2it5 10.996 18.194 -14.418 2it5 10.996 18.194 -14.418
2it5 10.686 18.253 -15.915 2it5 10.686 18.253 -15.915
2it5 10.861 16.783 -13.852 2it5 10.861 16.783 -13.852
2it5 8.057 26.485 -13.348 2it5 8.057 26.485 -13.348
2it5 9.993 25.692 -12.526 2it5 9.993 25.692 -12.526
2it5 8.933 26.493 -12.48 2it5 8.933 26.493 -12.48
2it5 8.01 33.657 -8.043 2it5 8.01 33.657 -8.043
2it5 12.508 38.708 -8.544 2it5 12.508 38.708 -8.544
2it5 8.577 36.125 -7.068 2it5 8.577 36.125 -7.068
2it5 11.746 38.484 -10.645 2it5 11.746 38.484 -10.645
2it5 11.638 35.508 -8.945 2it5 11.638 35.508 -8.945
2it5 11.642 38.324 -9.329 2it5 11.642 38.324 -9.329
2it5 10.399 37.62 -8.832 2it5 10.399 37.62 -8.832
2it5 9.418 35.588 -7.795 2it5 9.418 35.588 -7.795
2it5 13.467 32.619 -9.048 2it5 13.467 32.619 -9.048
2it5 13.51 34.03 -9.376 2it5 13.51 34.03 -9.376
2it5 12.627 29.84 -11.083 2it5 12.627 29.84 -11.083
2it5 12.183 25.578 -10.3 2it5 12.183 25.578 -10.3
2it5 2.868 14.729 -10.351 2it5 2.868 14.729 -10.351
2it5 3.106 15.958 -10.364 2it5 3.106 15.958 -10.364
2it5 9.328 21.459 -14.843 2it5 9.328 21.459 -14.843
2it5 2.238 15.206 -13.985 2it5 2.238 15.206 -13.985
2it5 2.237 13.76 -15.641 2it5 2.237 13.76 -15.641
2it5 6.859 16.055 -13.74 2it5 6.859 16.055 -13.74
2it5 5.741 16.616 -16.736 2it5 5.741 16.616 -16.736
2it5 4.265 14.009 -14.405 2it5 4.265 14.009 -14.405
2it5 2.808 14.346 -14.694 2it5 2.808 14.346 -14.694
2it5 5.203 14.599 -15.442 2it5 5.203 14.599 -15.442
2it5 7.611 15.343 -16.654 2it5 7.611 15.343 -16.654
2it5 6.54 17.973 -18.866 2it5 6.54 17.973 -18.866
2it5 7.32 16.791 -18.55 2it5 7.32 16.791 -18.55
2it5 6.901 16.184 -17.225 2it5 6.901 16.184 -17.225
2it5 7.969 21.856 -18.367 2it5 7.969 21.856 -18.367
2it5 6.005 22.623 -19.707 2it5 6.005 22.623 -19.707
2it5 2.865 34.114 -7.005 2it5 2.865 34.114 -7.005
2it5 0.403 38.72 -5.374 2it5 0.403 38.72 -5.374
2it5 1.523 35.941 -8.561 2it5 1.523 35.941 -8.561
2it5 -1.544 38.418 -4.285 2it5 -1.544 38.418 -4.285
2it5 -1.248 34.144 -7.122 2it5 -1.248 34.144 -7.122
2it5 -0.568 38.01 -5.09 2it5 -0.568 38.01 -5.09
2it5 -1.064 36.586 -7.141 2it5 -1.064 36.586 -7.141
2it5 -0.672 35.278 -7.835 2it5 -0.672 35.278 -7.835
2it5 -0.987 32.726 -8.838 2it5 -0.987 32.726 -8.838
2it5 14.91 17.897 -11.508 2it5 14.91 17.897 -11.508
2it5 19.039 17.222 -6.276 2it5 19.039 17.222 -6.276
2it5 17.097 17.464 -7.737 2it5 17.097 17.464 -7.737
2it5 18.301 19.985 -7.372 2it5 18.301 19.985 -7.372
2it5 15.587 21.814 -7.125 2it5 15.587 21.814 -7.125
2it5 14.441 22.982 -9.865 2it5 14.441 22.982 -9.865
2it5 18.512 24.71 -1.883 2it5 18.512 24.71 -1.883
2it5 21.37 25.069 -4.369 2it5 21.37 25.069 -4.369
2it5 22.479 24.914 -3.54 2it5 22.479 24.914 -3.54
2it5 19.011 19.252 2.67 2it5 19.011 19.252 2.67
2it5 18.174 19.622 3.695 2it5 18.174 19.622 3.695
2it5 -6.662 27.615 -6.69 2it5 -6.662 27.615 -6.69
2it5 13.265 28.826 1.567 2it5 13.265 28.826 1.567
2it5 13.982 21.469 6.686 2it5 13.982 21.469 6.686
2it5 6.875 27.813 8.458 2it5 6.875 27.813 8.458
2it5 5.891 28.531 9.368 2it5 5.891 28.531 9.368
2it5 8.009 27.156 9.244 2it5 8.009 27.156 9.244
2it5 -5.355 28.223 -6.32 2it5 -5.355 28.223 -6.32
2it5 4.798 29.19 8.595 2it5 4.798 29.19 8.595
2it5 9.092 23.906 10.309 2it5 9.092 23.906 10.309
2it5 -4.989 29.435 -7.174 2it5 -4.989 29.435 -7.174
2it5 9.343 25.254 12.724 2it5 9.343 25.254 12.724
2it5 10.82 19.646 -16.474 2it5 10.82 19.646 -16.474
2it5 8.76 15.381 -7.307 2it5 8.76 15.381 -7.307
2it5 9.707 16.421 -9.319 2it5 9.707 16.421 -9.319
2it5 12.973 12.674 -9.4 2it5 12.973 12.674 -9.4
2it5 13.977 11.605 -8.953 2it5 13.977 11.605 -8.953
2it5 11.741 14.67 -8.659 2it5 11.741 14.67 -8.659
2it5 14.279 11.572 -7.652 2it5 14.279 11.572 -7.652
2it5 15.335 14.18 -8.565 2it5 15.335 14.18 -8.565
2it5 14.463 10.809 -9.772 2it5 14.463 10.809 -9.772
2it5 14.494 19.206 -12.154 2it5 14.494 19.206 -12.154
2it5 16.282 17.456 -12.005 2it5 16.282 17.456 -12.005
2it5 5.512 35.069 -19.161 2it5 5.512 35.069 -19.161
2it5 5.01 33.881 -14.362 2it5 5.01 33.881 -14.362
2it5 6.36 35.171 -20.178 2it5 6.36 35.171 -20.178
2it5 3.836 35.691 -17.502 2it5 3.836 35.691 -17.502
2it5 4.679 36.16 -18.667 2it5 4.679 36.16 -18.667
2it5 4.732 35.254 -16.36 2it5 4.732 35.254 -16.36
2it5 4.229 34.04 -15.579 2it5 4.229 34.04 -15.579
2it5 8.187 33.376 -10.957 2it5 8.187 33.376 -10.957
2it5 9.294 31.533 -11.598 2it5 9.294 31.533 -11.598
2it5 8.276 32.384 -11.677 2it5 8.276 32.384 -11.677
2it5 7.219 32.094 -12.735 2it5 7.219 32.094 -12.735
2it5 5.856 32.719 -12.404 2it5 5.856 32.719 -12.404
2it5 3.66 33.581 -11.023 2it5 3.66 33.581 -11.023
2it5 -0.006 28.515 -8.696 2it5 -0.006 28.515 -8.696
2it5 0.294 29.681 -9.354 2it5 0.294 29.681 -9.354
2it5 2.303 30.733 -10.551 2it5 2.303 30.733 -10.551
2it5 1.237 37.476 -1.783 2it5 1.237 37.476 -1.783
2it5 4.772 33.157 -8.097 2it5 4.772 33.157 -8.097
2it5 2.635 36.991 -3.677 2it5 2.635 36.991 -3.677
2it5 3.132 36.065 -4.596 2it5 3.132 36.065 -4.596
2it5 21.613 19.909 -1.459 2it5 21.613 19.909 -1.459
2it5 23.029 21.318 -5.784 2it5 23.029 21.318 -5.784
2it5 20.554 17.28 -1.867 2it5 20.554 17.28 -1.867
2it5 20.894 21.912 -6.174 2it5 20.894 21.912 -6.174
2it5 17.751 16.877 -2.149 2it5 17.751 16.877 -2.149
2it5 18.201 16.179 0.286 2it5 18.201 16.179 0.286
2it5 18.351 14.586 3.408 2it5 18.351 14.586 3.408
2it5 18.571 15.661 2.661 2it5 18.571 15.661 2.661
2it5 17.205 13.928 3.304 2it5 17.205 13.928 3.304
2it5 19.283 14.158 4.248 2it5 19.283 14.158 4.248
2it5 14.545 14.476 -4.972 2it5 14.545 14.476 -4.972
2it5 15.948 15.774 -3.37 2it5 15.948 15.774 -3.37
2it5 14.611 12.104 -4.541 2it5 14.611 12.104 -4.541
2it5 5.3 17.166 -1.296 2it5 5.3 17.166 -1.296
2it5 5.932 16.016 -1.804 2it5 5.932 16.016 -1.804
2it5 10.331 12.307 -1.638 2it5 10.331 12.307 -1.638
2it5 7.845 11.921 -2.253 2it5 7.845 11.921 -2.253
2it5 7.982 12.38 -4.394 2it5 7.982 12.38 -4.394
2it5 9.138 12.212 -2.528 2it5 9.138 12.212 -2.528
2it5 17.848 23.578 6.805 2it5 17.848 23.578 6.805
2it5 20.224 24.348 8.029 2it5 20.224 24.348 8.029
2it5 19.053 22.948 6.457 2it5 19.053 22.948 6.457
2it5 20.242 23.336 7.073 2it5 20.242 23.336 7.073
2it5 18.233 28.847 3.652 2it5 18.233 28.847 3.652
2it5 14.981 31.364 4.396 2it5 14.981 31.364 4.396
2it5 17.116 29.859 3.47 2it5 17.116 29.859 3.47
2it5 17.477 27.441 5.538 2it5 17.477 27.441 5.538
2it5 20.044 26.772 4.437 2it5 20.044 26.772 4.437
2it5 20.748 25.782 1.614 2it5 20.748 25.782 1.614
2it5 24.402 24.869 2.759 2it5 24.402 24.869 2.759
2it5 24.263 26.245 3.384 2it5 24.263 26.245 3.384
2it5 22.051 24.203 2.57 2it5 22.051 24.203 2.57
2it5 23.872 27.23 2.575 2it5 23.872 27.23 2.575
2it5 24.587 23.317 0.239 2it5 24.587 23.317 0.239
2it5 24.513 26.425 4.576 2it5 24.513 26.425 4.576
2it5 22.936 21.09 0.231 2it5 22.936 21.09 0.231
2it5 23.27 19.901 1.131 2it5 23.27 19.901 1.131
2it5 22.247 19.687 2.081 2it5 22.247 19.687 2.081
2it5 20.689 19.939 -3.723 2it5 20.689 19.939 -3.723
2it5 15.507 14.196 10.455 2it5 15.507 14.196 10.455
2it5 16.225 12.579 8.639 2it5 16.225 12.579 8.639
2it5 15.078 13.11 9.482 2it5 15.078 13.11 9.482
2it5 15.408 15.581 13.261 2it5 15.408 15.581 13.261
2it5 17.003 13.397 8.094 2it5 17.003 13.397 8.094
2it5 16.34 11.339 8.511 2it5 16.34 11.339 8.511
2it5 13.939 18.924 13.313 2it5 13.939 18.924 13.313
2it5 15.114 18.23 12.642 2it5 15.114 18.23 12.642
2it5 15.924 19.263 11.833 2it5 15.924 19.263 11.833
2it5 17.216 18.62 11.324 2it5 17.216 18.62 11.324
2it5 15.098 19.79 10.673 2it5 15.098 19.79 10.673
2it5 14.014 20.11 13.653 2it5 14.014 20.11 13.653
2it5 10.971 19.801 13.394 2it5 10.971 19.801 13.394
2it5 11.667 18.685 14.147 2it5 11.667 18.685 14.147
2it5 12.857 18.169 13.499 2it5 12.857 18.169 13.499
2it5 10.327 20.656 13.998 2it5 10.327 20.656 13.998
2it5 9.605 20.27 10.17 2it5 9.605 20.27 10.17
2it5 9.308 19.076 10.147 2it5 9.308 19.076 10.147
2it5 6.93 21.049 8.451 2it5 6.93 21.049 8.451
2it5 9.192 12.493 -3.876 2it5 9.192 12.493 -3.876
2it5 7.146 12.035 -3.43 2it5 7.146 12.035 -3.43
2it5 11.291 13.531 1.218 2it5 11.291 13.531 1.218
2it5 15.369 11.797 -0.491 2it5 15.369 11.797 -0.491
2it5 16.309 11.411 -1.225 2it5 16.309 11.411 -1.225
2it5 14.511 11.004 -0.038 2it5 14.511 11.004 -0.038
2it5 7.3 15.557 1.239 2it5 7.3 15.557 1.239
2it5 8.211 15.172 4.126 2it5 8.211 15.172 4.126
2it5 13.576 11.657 5.94 2it5 13.576 11.657 5.94
2it5 11.979 11.786 4.14 2it5 11.979 11.786 4.14
2it5 16.035 16.905 5.101 2it5 16.035 16.905 5.101
2it5 15.198 17.185 8.276 2it5 15.198 17.185 8.276
2it5 12.104 15.595 10.887 2it5 12.104 15.595 10.887
2it5 10.316 14.797 9.332 2it5 10.316 14.797 9.332
2it5 8.311 13.915 8.086 2it5 8.311 13.915 8.086
2it5 7.076 14.311 7.294 2it5 7.076 14.311 7.294
2it5 9.072 15.15 8.53 2it5 9.072 15.15 8.53
2it5 6.318 13.127 6.797 2it5 6.318 13.127 6.797
2it5 11.848 15.631 12.094 2it5 11.848 15.631 12.094
2it5 14.349 14.756 11.283 2it5 14.349 14.756 11.283
2it5 18.925 27.25 16.257 2it5 18.925 27.25 16.257
2it5 18.544 25.882 15.689 2it5 18.544 25.882 15.689
2it5 16.581 27.178 15.65 2it5 16.581 27.178 15.65
2it5 17.062 25.784 15.958 2it5 17.062 25.784 15.958
2it5 17.66 27.995 16.226 2it5 17.66 27.995 16.226
2it5 19.657 28.76 14.541 2it5 19.657 28.76 14.541
2it5 22.34 28.182 14.881 2it5 22.34 28.182 14.881
2it5 23.657 27.498 15.251 2it5 23.657 27.498 15.251
2it5 23.338 27.956 17.75 2it5 23.338 27.956 17.75
2it5 25.474 27.96 17.073 2it5 25.474 27.96 17.073
2it5 25.439 28.213 18.467 2it5 25.439 28.213 18.467
2it5 26.718 27.914 16.424 2it5 26.718 27.914 16.424
2it5 24.119 27.8 16.638 2it5 24.119 27.8 16.638
2it5 27.807 28.37 18.564 2it5 27.807 28.37 18.564
2it5 26.602 28.42 19.224 2it5 26.602 28.42 19.224
2it5 27.877 28.12 17.177 2it5 27.877 28.12 17.177
2it5 21.244 27.604 15.641 2it5 21.244 27.604 15.641
2it5 24.123 28.205 18.852 2it5 24.123 28.205 18.852
2it5 21.616 26.976 12.939 2it5 21.616 26.976 12.939
2it5 18.427 29.649 25.093 2it5 18.427 29.649 25.093
2it5 17.125 29.886 25.857 2it5 17.125 29.886 25.857
2it5 19.601 29.806 26 2it5 19.601 29.806 26
2it5 18.995 31.754 24.076 2it5 18.995 31.754 24.076
2it5 16.696 31.653 26.039 2it5 16.696 31.653 26.039
2it5 19.114 30.778 20.697 2it5 19.114 30.778 20.697
2it5 21.519 30.292 21.553 2it5 21.519 30.292 21.553
2it5 22.048 32.328 22.173 2it5 22.048 32.328 22.173
2it5 20.452 31.086 21.298 2it5 20.452 31.086 21.298
2it5 17.96 30.231 22.794 2it5 17.96 30.231 22.794
2it5 20.815 32.355 21.698 2it5 20.815 32.355 21.698
2it5 22.498 31.089 22.096 2it5 22.498 31.089 22.096
2it5 16.216 29.658 20.745 2it5 16.216 29.658 20.745
2it5 14.36 33.067 19.224 2it5 14.36 33.067 19.224
2it5 16.188 33.294 20.686 2it5 16.188 33.294 20.686
2it5 14.843 33.915 20.369 2it5 14.843 33.915 20.369
2it5 13.993 29.775 18.381 2it5 13.993 29.775 18.381
2it5 16.108 30.635 15.369 2it5 16.108 30.635 15.369
2it5 15.933 30.771 17.814 2it5 15.933 30.771 17.814
2it5 18.471 29.761 17.352 2it5 18.471 29.761 17.352
2it5 15.009 33.712 11.694 2it5 15.009 33.712 11.694
2it5 13.386 36.043 11.228 2it5 13.386 36.043 11.228
2it5 9.955 37.892 8.813 2it5 9.955 37.892 8.813
2it5 9.037 38.822 8.307 2it5 9.037 38.822 8.307
2it5 7.788 38.391 7.854 2it5 7.788 38.391 7.854
2it5 7.084 34.971 13.634 2it5 7.084 34.971 13.634
2it5 7.354 36.253 12.843 2it5 7.354 36.253 12.843
2it5 6.268 36.419 11.774 2it5 6.268 36.419 11.774
2it5 5.003 38.057 10.307 2it5 5.003 38.057 10.307
2it5 6.266 37.786 11.112 2it5 6.266 37.786 11.112
2it5 8.682 36.376 12.248 2it5 8.682 36.376 12.248
2it5 4.47 39.265 10.431 2it5 4.47 39.265 10.431
2it5 6.156 34.213 13.32 2it5 6.156 34.213 13.32
2it5 4.524 37.196 9.575 2it5 4.524 37.196 9.575
2it5 7.707 33.575 15.51 2it5 7.707 33.575 15.51
2it5 7.898 34.735 14.659 2it5 7.898 34.735 14.659
2it5 7.923 31.199 15.588 2it5 7.923 31.199 15.588
2it5 5.784 31.121 11.88 2it5 5.784 31.121 11.88
2it5 6.487 29.427 13.172 2it5 6.487 29.427 13.172
2it5 22.24 29.052 11.186 2it5 22.24 29.052 11.186
2it5 22.965 27.849 10.582 2it5 22.965 27.849 10.582
2it5 24.986 29.134 9.713 2it5 24.986 29.134 9.713
2it5 24.483 27.989 10.595 2it5 24.483 27.989 10.595
2it5 22.402 29.06 12.631 2it5 22.402 29.06 12.631
2it5 20.586 29.022 9.469 2it5 20.586 29.022 9.469
2it5 26.218 29.339 9.637 2it5 26.218 29.339 9.637
2it5 24.152 29.827 9.088 2it5 24.152 29.827 9.088
2it5 16.32 23.72 11.512 2it5 16.32 23.72 11.512
2it5 18.427 24.994 12.004 2it5 18.427 24.994 12.004
2it5 18.746 31.673 11.594 2it5 18.746 31.673 11.594
2it5 16.457 32.437 10.212 2it5 16.457 32.437 10.212
2it5 15.715 34.161 8.535 2it5 15.715 34.161 8.535
2it5 17.477 32.599 8.021 2it5 17.477 32.599 8.021
2it5 14.127 34.553 13.827 2it5 14.127 34.553 13.827
2it5 12.46 36.389 14.336 2it5 12.46 36.389 14.336
2it5 11.187 34.84 16.257 2it5 11.187 34.84 16.257
2it5 11.359 36.906 15.03 2it5 11.359 36.906 15.03
2it5 12.936 35.103 14.588 2it5 12.936 35.103 14.588
2it5 10.72 36.127 15.996 2it5 10.72 36.127 15.996
2it5 21.342 33.451 -6.904 2it5 21.342 33.451 -6.904
2it5 21.275 33.877 -8.346 2it5 21.275 33.877 -8.346
2it5 21.428 35.176 -8.585 2it5 21.428 35.176 -8.585
2it5 20.996 30.745 -7.151 2it5 20.996 30.745 -7.151
2it5 21.079 33.053 -9.241 2it5 21.079 33.053 -9.241
2it5 19.135 29.19 -5.734 2it5 19.135 29.19 -5.734
2it5 21.442 28.464 -2.677 2it5 21.442 28.464 -2.677
2it5 21.136 28.873 -4.113 2it5 21.136 28.873 -4.113
2it5 23.391 27.778 -1.317 2it5 23.391 27.778 -1.317
2it5 22.854 28.142 -2.482 2it5 22.854 28.142 -2.482
2it5 22.634 27.694 -0.227 2it5 22.634 27.694 -0.227
2it5 24.686 27.481 -1.245 2it5 24.686 27.481 -1.245
2it5 16.77 29.294 -5.351 2it5 16.77 29.294 -5.351
2it5 16.173 26.098 -8.014 2it5 16.173 26.098 -8.014
2it5 17.478 26.429 -10.138 2it5 17.478 26.429 -10.138
2it5 17.745 27.12 -11.325 2it5 17.745 27.12 -11.325
2it5 15.914 28.611 -10.854 2it5 15.914 28.611 -10.854
2it5 16.96 28.214 -11.68 2it5 16.96 28.214 -11.68
2it5 17.515 27.596 -6.617 2it5 17.515 27.596 -6.617
2it5 15.841 27.677 -2.581 2it5 15.841 27.677 -2.581
2it5 17.346 35.911 -4.789 2it5 17.346 35.911 -4.789
2it5 15.926 35.419 -5.041 2it5 15.926 35.419 -5.041
2it5 15.022 36.58 -5.482 2it5 15.022 36.58 -5.482
2it5 18.188 35.899 -5.693 2it5 18.188 35.899 -5.693
2it5 14.968 37.608 -4.511 2it5 14.968 37.608 -4.511
2it5 18.959 36.798 -3.223 2it5 18.959 36.798 -3.223
2it5 18.996 37.442 -1.827 2it5 18.996 37.442 -1.827
2it5 21.196 38.653 -2.263 2it5 21.196 38.653 -2.263
2it5 20.411 37.738 -1.307 2it5 20.411 37.738 -1.307
2it5 21.023 41.017 -1.54 2it5 21.023 41.017 -1.54
2it5 20.647 40.01 -2.329 2it5 20.647 40.01 -2.329
2it5 21.96 40.837 -0.616 2it5 21.96 40.837 -0.616
2it5 20.452 42.208 -1.669 2it5 20.452 42.208 -1.669
2it5 21 35.684 -3.79 2it5 21 35.684 -3.79
2it5 20.276 33.273 -2.657 2it5 20.276 33.273 -2.657
2it5 19.537 32.129 -1.949 2it5 19.537 32.129 -1.949
2it5 21.639 32.152 -4.289 2it5 21.639 32.152 -4.289
2it5 18.486 31.61 -2.755 2it5 18.486 31.61 -2.755
2it5 20.116 31.308 -6.49 2it5 20.116 31.308 -6.49
2it5 20.035 32.836 -6.419 2it5 20.035 32.836 -6.419
2it5 -2.852 16.409 -12.51 2it5 -2.852 16.409 -12.51
2it5 -2.247 17.278 -13.608 2it5 -2.247 17.278 -13.608
2it5 -3.522 16.108 -10.175 2it5 -3.522 16.108 -10.175
2it5 -4.998 18.295 -11.434 2it5 -4.998 18.295 -11.434
2it5 -0.493 18.891 -13.646 2it5 -0.493 18.891 -13.646
2it5 -4.249 21.293 -9.797 2it5 -4.249 21.293 -9.797
2it5 -3.788 20.759 -11.138 2it5 -3.788 20.759 -11.138
2it5 -4.459 22.499 -9.639 2it5 -4.459 22.499 -9.639
2it5 -4.852 20.785 -7.496 2it5 -4.852 20.785 -7.496
2it5 -6.324 20.18 -5.551 2it5 -6.324 20.18 -5.551
2it5 -3.23 19.807 -6.027 2it5 -3.23 19.807 -6.027
2it5 -7.041 19.803 -7.817 2it5 -7.041 19.803 -7.817
2it5 -1.307 23.58 -8.31 2it5 -1.307 23.58 -8.31
2it5 -3.18 22.045 -6.267 2it5 -3.18 22.045 -6.267
2it5 -0.469 23.22 -9.341 2it5 -0.469 23.22 -9.341
2it5 -3.202 23.022 -3.425 2it5 -3.202 23.022 -3.425
2it5 -2.631 19.818 -1.517 2it5 -2.631 19.818 -1.517
2it5 -3.25 17.902 0.002 2it5 -3.25 17.902 0.002
2it5 -3.551 17.31 -1.154 2it5 -3.551 17.31 -1.154
2it5 0.369 20.667 -1.34 2it5 0.369 20.667 -1.34
2it5 0.203 19.571 -4.472 2it5 0.203 19.571 -4.472
2it5 2.506 17.745 -3.542 2it5 2.506 17.745 -3.542
2it5 -0.072 19.382 -10.574 2it5 -0.072 19.382 -10.574
2it5 1.998 14.373 -5.709 2it5 1.998 14.373 -5.709
2it5 4.262 14.593 -4.674 2it5 4.262 14.593 -4.674
2it5 4.019 13.79 -7.038 2it5 4.019 13.79 -7.038
2it5 -0.445 13.143 -7.582 2it5 -0.445 13.143 -7.582
2it5 -2.308 13.393 -5.597 2it5 -2.308 13.393 -5.597
2it5 -2.936 13.546 -4.21 2it5 -2.936 13.546 -4.21
2it5 -2.03 13.03 -3.105 2it5 -2.03 13.03 -3.105
2it5 -1.105 14.208 -5.711 2it5 -1.105 14.208 -5.711
2it5 -2.057 13.699 -1.956 2it5 -2.057 13.699 -1.956
2it5 -3.999 12.773 -7.167 2it5 -3.999 12.773 -7.167
2it5 -1.319 12.03 -3.279 2it5 -1.319 12.03 -3.279
2it5 -5.783 15.691 -7.445 2it5 -5.783 15.691 -7.445
2it5 -7.173 14.033 -8.773 2it5 -7.173 14.033 -8.773
2it5 -6.967 15.494 -8.379 2it5 -6.967 15.494 -8.379
2it5 -3.482 14.952 -7.045 2it5 -3.482 14.952 -7.045
2it5 -6.625 13.116 -7.978 2it5 -6.625 13.116 -7.978
2it5 2.769 40.101 6.047 2it5 2.769 40.101 6.047
2it5 6.186 37.714 4.139 2it5 6.186 37.714 4.139
2it5 2.097 40.165 8.338 2it5 2.097 40.165 8.338
2it5 3.467 41.745 7.62 2it5 3.467 41.745 7.62
2it5 5.207 31.555 6.455 2it5 5.207 31.555 6.455
2it5 3.96 31.612 6.55 2it5 3.96 31.612 6.55
2it5 6.333 35.011 -2.856 2it5 6.333 35.011 -2.856
2it5 7.242 38.092 0.665 2it5 7.242 38.092 0.665
2it5 6.592 39.404 1.1 2it5 6.592 39.404 1.1
2it5 5.213 39.594 0.501 2it5 5.213 39.594 0.501
2it5 4.246 39.932 1.346 2it5 4.246 39.932 1.346
2it5 9.625 38.37 0.645 2it5 9.625 38.37 0.645
2it5 5.02 39.444 -0.708 2it5 5.02 39.444 -0.708
2it5 9.98 37.36 3.194 2it5 9.98 37.36 3.194
2it5 9.72 37.086 4.682 2it5 9.72 37.086 4.682
2it5 11.731 37.712 6.051 2it5 11.731 37.712 6.051
2it5 12.877 37.38 6.767 2it5 12.877 37.38 6.767
2it5 8.705 37.506 2.503 2it5 8.705 37.506 2.503
2it5 5.931 20.694 7.367 2it5 5.931 20.694 7.367
2it5 3.708 19.823 7.817 2it5 3.708 19.823 7.817
2it5 4.085 22.009 8.179 2it5 4.085 22.009 8.179
2it5 8.77 20.83 5.702 2it5 8.77 20.83 5.702
2it5 3.261 24.95 5.129 2it5 3.261 24.95 5.129
2it5 0.997 29.543 3.17 2it5 0.997 29.543 3.17
2it5 0.42 30.398 7.187 2it5 0.42 30.398 7.187
2it5 -0.479 28.051 7.269 2it5 -0.479 28.051 7.269
2it5 -0.315 26.713 7.974 2it5 -0.315 26.713 7.974
2it5 0.677 28.966 7.616 2it5 0.677 28.966 7.616
2it5 -0.198 26.893 9.456 2it5 -0.198 26.893 9.456
2it5 -1.143 32.402 5.588 2it5 -1.143 32.402 5.588
2it5 0.567 34.368 4.83 2it5 0.567 34.368 4.83
2it5 0.721 35.169 6.12 2it5 0.721 35.169 6.12
2it5 2.073 35.563 6.291 2it5 2.073 35.563 6.291
2it5 0.583 37.951 1.587 2it5 0.583 37.951 1.587
2it5 0.8 36.099 3.157 2it5 0.8 36.099 3.157
2it5 16.882 33.09 -4.034 2it5 16.882 33.09 -4.034
2it5 15.163 33.979 -1.078 2it5 15.163 33.979 -1.078
2it5 15.414 33.018 -2.145 2it5 15.414 33.018 -2.145
2it5 16.495 37.098 3.487 2it5 16.495 37.098 3.487
2it5 17.337 34.515 -0.803 2it5 17.337 34.515 -0.803
2it5 14.389 37.893 3.428 2it5 14.389 37.893 3.428
2it5 15.498 34.793 1.928 2it5 15.498 34.793 1.928
2it5 12.116 36.971 -1.146 2it5 12.116 36.971 -1.146
2it5 14.242 39.992 -0.123 2it5 14.242 39.992 -0.123
2it5 13.929 41.126 0.849 2it5 13.929 41.126 0.849
2it5 9.568 35.825 -2.526 2it5 9.568 35.825 -2.526
2it5 9.678 35.886 -4.035 2it5 9.678 35.886 -4.035
2it5 13.271 37.855 -1.17 2it5 13.271 37.855 -1.17
2it5 14.546 40.537 -1.514 2it5 14.546 40.537 -1.514
3BG3 -23.173 -64.408 -83.115 2it5 20.452 42.208 -1.669
3BMZ -10.616 31.291 2.256 2it5 20.647 40.01 -2.329
3C6Q 14.352 -64.068 31.065 2it5 7.076 14.311 7.294
