2JZN 10.871 17.903 16.764 1VSQ 10.871 17.903 16.764
3B62 23.094 14.901 15.35 2NPK 42.561 17.332 9.576
3B62 7.959 17.406 17.041 2NPK 42.561 17.332 9.576
3B62 6.763 18.933 21.075 2NPK 42.561 17.332 9.576
3B62 5.072 15.029 17.621 2NPK 42.561 17.332 9.576
3B61 -76.916 -90.178 -30.944 2NUU 18.121 20.07 96.86
3B61 -78.238 -94.208 -27.347 2NUU 18.121 20.07 96.86
3B61 -74.894 -93.988 -29.188 2NUU 16.246 25.811 94.103
3B61 -62.57 -109.193 -31.672 2NUU 18.121 20.07 96.86
3B61 -72.824 -181.927 -29.923 2NUU 18.121 20.07 96.86
3B61 -74.516 -186.022 -26.569 2NUU 18.121 20.07 96.86
3B61 -70.999 -185.776 -28.02 2NUU 16.246 25.811 94.103
3B62 17.975 16.722 35.528 2NUU 21.207 23.204 40.995
3B62 23.75 16.771 37.874 2NUU 15.696 25.222 92.81
3B62 16.042 16.187 38.801 2NUU 21.349 20.958 94.655
3B62 36.402 14.3 21.283 2NUU 15.696 25.222 92.81
3B62 34.555 18.412 19.934 2NUU 15.696 25.222 92.81
3B62 43.087 14.368 21.086 2NUU 25.312 25.452 97.223
2NUU 18.121 20.07 96.86 3B61 -76.916 -90.178 -30.944
2NUU 18.121 20.07 96.86 3B61 -78.238 -94.208 -27.347
2NUU 16.246 25.811 94.103 3B61 -74.894 -93.988 -29.188
2NUU 18.121 20.07 96.86 3B61 -62.57 -109.193 -31.672
2NUU 18.121 20.07 96.86 3B61 -72.824 -181.927 -29.923
2NUU 18.121 20.07 96.86 3B61 -74.516 -186.022 -26.569
2NUU 16.246 25.811 94.103 3B61 -70.999 -185.776 -28.02
3B62 5.072 15.029 17.621 3B61 -68.399 -67.982 -7.172
3B62 6.887 11.694 15.984 3B61 -62.921 -74.029 -12.173
3B62 7.453 14.112 13.109 3B61 -66.157 -74.088 -14.203
3B62 5.072 15.029 17.621 3B61 -66.157 -74.088 -14.203
3B62 11.173 10.486 33.159 3B61 -68.399 -67.982 -7.172
3B62 6.887 11.694 15.984 3B61 -70.067 -71.138 -26.396
3B62 5.072 15.029 17.621 3B61 -64.345 -78.978 -13.295
3B62 6.887 11.694 15.984 3B61 -71.416 -74.867 -20.613
3B62 -0.94 14.758 25.416 3B61 -69.961 -75.33 -24.014
3B62 4.414 12.211 22.968 3B61 -69.961 -75.33 -24.014
3B62 5.072 15.029 17.621 3B61 -69.961 -75.33 -24.014
3B62 4.414 12.211 22.968 3B61 -70.009 -79.263 -19.037
3B62 5.072 15.029 17.621 3B61 -70.009 -79.263 -19.037
3B62 5.072 15.029 17.621 3B61 -64.53 -87.255 -22.951
3B62 11.173 10.486 33.159 3B61 -69.961 -75.33 -24.014
3B62 11.173 10.486 33.159 3B61 -70.009 -79.263 -19.037
3B62 9.425 9.369 13.295 3B61 -76.916 -90.178 -30.944
3B62 7.453 14.112 13.109 3B61 -83.551 -83.331 -27.76
3B62 7.453 14.112 13.109 3B61 -81.581 -83.969 -31.021
2NPK 42.561 17.332 9.576 3B62 23.094 14.901 15.35
2NPK 42.561 17.332 9.576 3B62 7.959 17.406 17.041
2NPK 42.561 17.332 9.576 3B62 6.763 18.933 21.075
2NPK 42.561 17.332 9.576 3B62 5.072 15.029 17.621
2NUU 21.207 23.204 40.995 3B62 17.975 16.722 35.528
2NUU 15.696 25.222 92.81 3B62 23.75 16.771 37.874
2NUU 21.349 20.958 94.655 3B62 16.042 16.187 38.801
2NUU 15.696 25.222 92.81 3B62 36.402 14.3 21.283
2NUU 15.696 25.222 92.81 3B62 34.555 18.412 19.934
2NUU 25.312 25.452 97.223 3B62 43.087 14.368 21.086
3B61 -68.399 -67.982 -7.172 3B62 5.072 15.029 17.621
3B61 -62.921 -74.029 -12.173 3B62 6.887 11.694 15.984
3B61 -66.157 -74.088 -14.203 3B62 7.453 14.112 13.109
3B61 -66.157 -74.088 -14.203 3B62 5.072 15.029 17.621
3B61 -68.399 -67.982 -7.172 3B62 11.173 10.486 33.159
3B61 -70.067 -71.138 -26.396 3B62 6.887 11.694 15.984
3B61 -64.345 -78.978 -13.295 3B62 5.072 15.029 17.621
3B61 -71.416 -74.867 -20.613 3B62 6.887 11.694 15.984
3B61 -69.961 -75.33 -24.014 3B62 -0.94 14.758 25.416
3B61 -69.961 -75.33 -24.014 3B62 4.414 12.211 22.968
3B61 -69.961 -75.33 -24.014 3B62 5.072 15.029 17.621
3B61 -70.009 -79.263 -19.037 3B62 4.414 12.211 22.968
3B61 -70.009 -79.263 -19.037 3B62 5.072 15.029 17.621
3B61 -64.53 -87.255 -22.951 3B62 5.072 15.029 17.621
3B61 -69.961 -75.33 -24.014 3B62 11.173 10.486 33.159
3B61 -70.009 -79.263 -19.037 3B62 11.173 10.486 33.159
3B61 -76.916 -90.178 -30.944 3B62 9.425 9.369 13.295
3B61 -83.551 -83.331 -27.76 3B62 7.453 14.112 13.109
3B61 -81.581 -83.969 -31.021 3B62 7.453 14.112 13.109
