1VRV 122.021 24.301 -28.556 1VKR 322.02 224.3 171.442
1VRV 121.133 5.09 -3.894 1VKR 321.132 205.089 196.104
1VRV 111.861 -1.074 -29.885 1VKR 311.86 198.925 170.113
1VRV 117.736 -11.48 -20.219 1VKR 317.736 188.518 179.779
1VRV 118.134 -5.62 -31.84 1VKR 318.134 194.378 168.158
1VRV 120.563 20.243 -24.59 1VKR 320.562 220.242 175.408
1VRV 108.36 -0.644 -31.634 1VKR 308.359 199.354 168.365
1VRV 121.489 -3.088 -12.659 1VKR 321.489 196.91 187.339
1VRV 115.646 -7.014 -16.319 1VKR 315.645 192.985 183.68
1VRV 123.288 9.902 -8.381 1VKR 323.287 209.902 191.617
1VRV 109.666 -6.347 -22.09 1VKR 309.666 193.652 177.908
1VRV 118.486 17.302 -18.819 1VKR 318.485 217.302 181.179
1VRV 123.055 18.438 -13.972 1VKR 323.054 218.438 186.026
1VRV 125.202 -0.867 -11.501 1VKR 325.201 199.132 188.498
1VRV 117.68 -8.262 -22.302 1VKR 317.68 191.736 177.697
1VRV 122.771 4.249 -8.744 1VKR 322.77 204.248 191.255
1VRV 126.008 19.729 -18.711 1VKR 326.007 219.729 181.287
1VRV 119.262 -0.841 -29.559 1VKR 319.261 199.158 170.44
1VRV 109.856 15.237 -13.972 1VKR 309.855 215.236 186.027
1VKR 322.02 224.3 171.442 1VRV 122.021 24.301 -28.556
1VKR 321.132 205.089 196.104 1VRV 121.133 5.09 -3.894
1VKR 311.86 198.925 170.113 1VRV 111.861 -1.074 -29.885
1VKR 317.736 188.518 179.779 1VRV 117.736 -11.48 -20.219
1VKR 318.134 194.378 168.158 1VRV 118.134 -5.62 -31.84
1VKR 320.562 220.242 175.408 1VRV 120.563 20.243 -24.59
1VKR 308.359 199.354 168.365 1VRV 108.36 -0.644 -31.634
1VKR 321.489 196.91 187.339 1VRV 121.489 -3.088 -12.659
1VKR 315.645 192.985 183.68 1VRV 115.646 -7.014 -16.319
1VKR 323.287 209.902 191.617 1VRV 123.288 9.902 -8.381
1VKR 309.666 193.652 177.908 1VRV 109.666 -6.347 -22.09
1VKR 318.485 217.302 181.179 1VRV 118.486 17.302 -18.819
1VKR 323.054 218.438 186.026 1VRV 123.055 18.438 -13.972
1VKR 325.201 199.132 188.498 1VRV 125.202 -0.867 -11.501
1VKR 317.68 191.736 177.697 1VRV 117.68 -8.262 -22.302
1VKR 322.77 204.248 191.255 1VRV 122.771 4.249 -8.744
1VKR 326.007 219.729 181.287 1VRV 126.008 19.729 -18.711
1VKR 319.261 199.158 170.44 1VRV 119.262 -0.841 -29.559
1VKR 309.855 215.236 186.027 1VRV 109.856 15.237 -13.972
2JZN 2.046 -1.465 22.174 1VSQ 2.046 -1.465 22.174
2JZN -1.761 -4.426 21.127 1VSQ -1.761 -4.426 21.127
2JZN 8.381 -21.912 3.158 1VSQ 8.381 -21.912 3.158
2JZN 0.536 -5.396 21.238 1VSQ 0.536 -5.396 21.238
2JZN 13.175 -23.12 5.425 1VSQ 13.175 -23.12 5.425
2JZN 10.678 -24.111 4.914 1VSQ 10.678 -24.111 4.914
2JZN 4.202 35.936 -21.996 1VSQ 4.202 35.936 -21.996
2JZN 6.065 0.643 18.785 1VSQ 6.065 0.643 18.785
2JZN 6.822 29.134 -15.968 1VSQ 6.822 29.134 -15.968
2JZN 9.083 -22.207 4.44 1VSQ 9.083 -22.207 4.44
2JZN 15.982 -22.153 4.067 1VSQ 15.982 -22.153 4.067
2JZN 14.694 -20.069 4.348 1VSQ 14.694 -20.069 4.348
2JZN 7.522 0.442 18.497 1VSQ 7.522 0.442 18.497
2JZN 14.131 -21.521 6.592 1VSQ 14.131 -21.521 6.592
2JZN 8.229 35.43 -20.919 1VSQ 8.229 35.43 -20.919
2JZN 6.788 34.673 -21.753 1VSQ 6.788 34.673 -21.753
2JZN 9.225 -23.733 4.603 1VSQ 9.225 -23.733 4.603
2JZN 13.078 -25.065 6.943 1VSQ 13.078 -25.065 6.943
2JZN 5.736 2.141 18.639 1VSQ 5.736 2.141 18.639
2JZO 11.906 -4.21 -12.722 1VSQ 11.942 -4.201 -12.68
2JZO 11.333 -6.35 -13.659 1VSQ 11.406 -6.355 -13.595
2JZO 7.813 -6.678 -13.173 1VSQ 7.892 -6.738 -13.116
2JZO 11.571 -8.76 -15.152 1VSQ 11.694 -8.774 -15.067
2JZO 13.939 -8.234 -15.614 1VSQ 14.055 -8.217 -15.517
2JZO 7.886 -7.498 -17.139 1VSQ 7.991 -7.598 -17.075
2JZO 10.458 -9.456 -15.423 1VSQ 10.592 -9.498 -15.315
2JZO 7.461 -8.6 -16.773 1VSQ 7.584 -8.703 -16.694
2JZO 10.451 -10.567 -15.946 1VSQ 10.602 -10.611 -15.843
2JZO -5.23 -1.325 25.902 1VSQ -5.36 -1.19 25.867
2JZO -8.552 -0.658 28.343 1VSQ -8.699 -0.547 28.288
2JZO -6.158 -0.896 27.035 1VSQ -6.301 -0.76 26.989
2JZO -11.309 1.692 26.875 1VSQ -11.493 1.741 26.784
2JZO 0.27 -3.157 21.697 1VSQ 0.18 -2.963 21.701
2JZO 0.127 -7.964 -12.979 1VSQ 0.228 -8.156 -12.928
2JZO -12.51 3.224 19.843 1VSQ -12.697 3.173 19.733
2JZO 7.643 -11.979 -15.076 1VSQ 7.82 -12.06 -14.958
2JZO -9.949 4.419 21.841 1VSQ -10.161 4.433 21.726
2JZO -13.598 4.197 22.278 1VSQ -13.81 4.151 22.156
2HXH 30.865 47.148 102.545 2HXF 30.865 47.148 102.545
2HXH 44.377 48.152 102.058 2HXF 44.377 48.152 102.058
2HXH 36.715 49.766 106.392 2HXF 36.715 49.766 106.392
2HXH 39.133 51.858 102.808 2HXF 39.133 51.858 102.808
2HXH 31.121 51.956 102.551 2HXF 31.121 51.956 102.551
2HXH 28.274 56.626 89.591 2HXF 28.274 56.626 89.591
2HXH 18.672 49.733 72.049 2HXF 18.672 49.733 72.049
2HXH 18.239 54.62 67.217 2HXF 18.239 54.62 67.217
2HXH 44.567 54.362 97.051 2HXF 44.567 54.362 97.051
2HXH 37.525 48.179 101.495 2HXF 37.525 48.179 101.495
2HXH 20.504 57.341 103.056 2HXF 20.504 57.341 103.056
2HXH 35.791 47.366 103.153 2HXF 35.791 47.366 103.153
2HXH 42.75 57.471 96.603 2HXF 42.75 57.471 96.603
2HXH 33.305 44.575 96.513 2HXF 33.305 44.575 96.513
2HXH 28.514 51.124 100.259 2HXF 28.514 51.124 100.259
2HXH 28.063 55.978 88.541 2HXF 28.063 55.978 88.541
2HXH 18.85 55.181 65.925 2HXF 18.85 55.181 65.925
2HXH 45.359 47.911 100.113 2HXF 45.359 47.911 100.113
2HXH 25.004 37.101 87.463 2HXF 25.004 37.101 87.463
2HXF 33.237 18.628 62.955 2HXH 33.237 18.628 62.955
2HXF 42.513 53.056 35.626 2HXH 42.513 53.056 35.626
2HXF 35.548 18.325 67.811 2HXH 35.548 18.325 67.811
2HXF 43.736 52.18 35.334 2HXH 43.736 52.18 35.334
2HXF 43.637 51.145 40.354 2HXH 43.637 51.145 40.354
2HXF 37.762 13.02 68.801 2HXH 37.762 13.02 68.801
2HXF 37.34 11.815 68.404 2HXH 37.34 11.815 68.404
2HXF 40.458 51.365 34.826 2HXH 40.458 51.365 34.826
2HXF 37.707 15.515 69.129 2HXH 37.707 15.515 69.129
2HXF 37.199 14.293 68.341 2HXH 37.199 14.293 68.341
2HXF 42.221 46.729 39.009 2HXH 42.221 46.729 39.009
2HXF 44.154 51.383 43.353 2HXH 44.154 51.383 43.353
2HXF 36.345 11.704 67.53 2HXH 36.345 11.704 67.53
2HXF 24.128 38.695 93.294 2HXH 24.128 38.695 93.294
2HXF 26.225 38.161 95.299 2HXH 26.225 38.161 95.299
2HXF 25.809 40.471 93.441 2HXH 25.809 40.471 93.441
2HXF 24.079 37.29 91.541 2HXH 24.079 37.29 91.541
2HXF 20.464 36.131 93.961 2HXH 20.464 36.131 93.961
2HXF 22.902 36.085 94.491 2HXH 22.902 36.085 94.491
2ONJ 158.095 43.627 108.679 2HYD 158.477 43.421 108.247
1VSQ 1.611 5.677 29.754 2JZN 1.611 5.677 29.754
1VSQ 1.488 6.318 27.649 2JZN 1.488 6.318 27.649
1VSQ -8.036 -5.719 17.909 2JZN -8.036 -5.719 17.909
1VSQ -7.242 -6.993 17.627 2JZN -7.242 -6.993 17.627
1VSQ -2.505 -9.237 15.458 2JZN -2.505 -9.237 15.458
1VSQ 1.57 2.066 25.721 2JZN 1.57 2.066 25.721
1VSQ -6.659 -9.895 17.368 2JZN -6.659 -9.895 17.368
1VSQ -2.033 -8.708 17.49 2JZN -2.033 -8.708 17.49
1VSQ -4.348 -4.872 18.111 2JZN -4.348 -4.872 18.111
1VSQ -1.215 -7.287 15.791 2JZN -1.215 -7.287 15.791
1VSQ -1.981 -8.513 16.29 2JZN -1.981 -8.513 16.29
1VSQ -0.34 0.226 26.475 2JZN -0.34 0.226 26.475
1VSQ -1.45 -0.503 27.201 2JZN -1.45 -0.503 27.201
1VSQ -2.253 -1.205 29.419 2JZN -2.253 -1.205 29.419
1VSQ -1.136 -0.638 28.649 2JZN -1.136 -0.638 28.649
1VSQ 0.105 -0.721 24.327 2JZN 0.105 -0.721 24.327
1VSQ -3.201 -1.707 28.809 2JZN -3.201 -1.707 28.809
1VSQ -4.761 -6.456 10.581 2JZN -4.761 -6.456 10.581
1VSQ -2.161 -1.167 30.652 2JZN -2.161 -1.167 30.652
2JZO 11.906 -4.21 -12.722 2JZN 11.942 -4.201 -12.68
2JZO 11.333 -6.35 -13.659 2JZN 11.406 -6.355 -13.595
2JZO 7.813 -6.678 -13.173 2JZN 7.892 -6.738 -13.116
2JZO 11.571 -8.76 -15.152 2JZN 11.694 -8.774 -15.067
2JZO 13.939 -8.234 -15.614 2JZN 14.055 -8.217 -15.517
2JZO 7.886 -7.498 -17.139 2JZN 7.991 -7.598 -17.075
2JZO 10.458 -9.456 -15.423 2JZN 10.592 -9.498 -15.315
2JZO 7.461 -8.6 -16.773 2JZN 7.584 -8.703 -16.694
2JZO 10.451 -10.567 -15.946 2JZN 10.602 -10.611 -15.843
2JZO -5.23 -1.325 25.902 2JZN -5.36 -1.19 25.867
2JZO -8.552 -0.658 28.343 2JZN -8.699 -0.547 28.288
2JZO -6.158 -0.896 27.035 2JZN -6.301 -0.76 26.989
2JZO -11.309 1.692 26.875 2JZN -11.493 1.741 26.784
2JZO 0.27 -3.157 21.697 2JZN 0.18 -2.963 21.701
2JZO 0.127 -7.964 -12.979 2JZN 0.228 -8.156 -12.928
2JZO -12.51 3.224 19.843 2JZN -12.697 3.173 19.733
2JZO 7.643 -11.979 -15.076 2JZN 7.82 -12.06 -14.958
2JZO -9.949 4.419 21.841 2JZN -10.161 4.433 21.726
2JZO -13.598 4.197 22.278 2JZN -13.81 4.151 22.156
1VSQ 11.942 -4.201 -12.68 2JZO 11.906 -4.21 -12.722
1VSQ 11.406 -6.355 -13.595 2JZO 11.333 -6.35 -13.659
1VSQ 7.892 -6.738 -13.116 2JZO 7.813 -6.678 -13.173
1VSQ 11.694 -8.774 -15.067 2JZO 11.571 -8.76 -15.152
1VSQ 14.055 -8.217 -15.517 2JZO 13.939 -8.234 -15.614
1VSQ 7.991 -7.598 -17.075 2JZO 7.886 -7.498 -17.139
1VSQ 10.592 -9.498 -15.315 2JZO 10.458 -9.456 -15.423
1VSQ 7.584 -8.703 -16.694 2JZO 7.461 -8.6 -16.773
1VSQ 10.602 -10.611 -15.843 2JZO 10.451 -10.567 -15.946
1VSQ -5.36 -1.19 25.867 2JZO -5.23 -1.325 25.902
1VSQ -8.699 -0.547 28.288 2JZO -8.552 -0.658 28.343
1VSQ -6.301 -0.76 26.989 2JZO -6.158 -0.896 27.035
1VSQ -11.493 1.741 26.784 2JZO -11.309 1.692 26.875
1VSQ 0.18 -2.963 21.701 2JZO 0.27 -3.157 21.697
1VSQ 0.228 -8.156 -12.928 2JZO 0.127 -7.964 -12.979
1VSQ -12.697 3.173 19.733 2JZO -12.51 3.224 19.843
1VSQ 7.82 -12.06 -14.958 2JZO 7.643 -11.979 -15.076
1VSQ -10.161 4.433 21.726 2JZO -9.949 4.419 21.841
1VSQ -13.81 4.151 22.156 2JZO -13.598 4.197 22.278
2JZN 11.942 -4.201 -12.68 2JZO 11.906 -4.21 -12.722
2JZN 11.406 -6.355 -13.595 2JZO 11.333 -6.35 -13.659
2JZN 7.892 -6.738 -13.116 2JZO 7.813 -6.678 -13.173
2JZN 11.694 -8.774 -15.067 2JZO 11.571 -8.76 -15.152
2JZN 14.055 -8.217 -15.517 2JZO 13.939 -8.234 -15.614
2JZN 7.991 -7.598 -17.075 2JZO 7.886 -7.498 -17.139
2JZN 10.592 -9.498 -15.315 2JZO 10.458 -9.456 -15.423
2JZN 7.584 -8.703 -16.694 2JZO 7.461 -8.6 -16.773
2JZN 10.602 -10.611 -15.843 2JZO 10.451 -10.567 -15.946
2JZN -5.36 -1.19 25.867 2JZO -5.23 -1.325 25.902
2JZN -8.699 -0.547 28.288 2JZO -8.552 -0.658 28.343
2JZN -6.301 -0.76 26.989 2JZO -6.158 -0.896 27.035
2JZN -11.493 1.741 26.784 2JZO -11.309 1.692 26.875
2JZN 0.18 -2.963 21.701 2JZO 0.27 -3.157 21.697
2JZN 0.228 -8.156 -12.928 2JZO 0.127 -7.964 -12.979
2JZN -12.697 3.173 19.733 2JZO -12.51 3.224 19.843
2JZN 7.82 -12.06 -14.958 2JZO 7.643 -11.979 -15.076
2JZN -10.161 4.433 21.726 2JZO -9.949 4.419 21.841
2JZN -13.81 4.151 22.156 2JZO -13.598 4.197 22.278
2NPJ 40.964 30.934 22.377 2NOP 40.687 30.844 22.395
2NPJ 33.673 32.194 20.288 2NOP 33.381 32.123 20.214
2NOP 40.687 30.844 22.395 2NPJ 40.964 30.934 22.377
2NOP 33.381 32.123 20.214 2NPJ 33.673 32.194 20.288
2NS1 -16.146 26.555 77.835 2NPJ 27.08 18.844 16.766
2NPJ 27.08 18.844 16.766 2NS1 -16.146 26.555 77.835
2HYD 158.477 43.421 108.247 2ONJ 158.095 43.627 108.679
2ONS 25.301 14.43 28.621 2ONR 25.24 14.439 28.318
2ONR 25.24 14.439 28.318 2ONS 25.301 14.43 28.621
2QB4 45.112 37.402 30.135 2Q72 45.117 37.395 30.128
2QB4 44.445 40.398 20.69 2Q72 44.437 40.366 20.683
2QB4 42.916 37.817 25.285 2Q72 42.9 37.791 25.267
2Q72 45.117 37.395 30.128 2QB4 45.112 37.402 30.135
2Q72 44.437 40.366 20.683 2QB4 44.445 40.398 20.69
2Q72 42.9 37.791 25.267 2QB4 42.916 37.817 25.285
2V68 -21.908 95.011 98.019 2V67 -10.935 78.761 74.49
2V67 -10.935 78.761 74.49 2V68 -21.908 95.011 98.019
3c1j 62.401 4.097 -6.201 3C1J 62.401 4.097 -6.201
3c1j 27.169 9.729 -1.1 3C1J 27.169 9.729 -1.1
3c1j 31.962 2.046 29.209 3C1J 31.962 2.046 29.209
3c1j 65.362 2.552 3.4 3C1J 65.362 2.552 3.4
3c1j 33.668 10.052 2.788 3C1J 33.668 10.052 2.788
3c1j 65.682 5.66 -6.221 3C1J 65.682 5.66 -6.221
3c1j 32.783 3.842 28.375 3C1J 32.783 3.842 28.375
3c1j 31.87 5.782 -2.976 3C1J 31.87 5.782 -2.976
3c1j 38.044 2.993 29.298 3C1J 38.044 2.993 29.298
3c1j 68.302 1.741 -2.176 3C1J 68.302 1.741 -2.176
3c1j 37.432 6.833 1.674 3C1J 37.432 6.833 1.674
3c1j 61.84 0.023 -4.077 3C1J 61.84 0.023 -4.077
3c1j 28.993 29.33 9.887 3C1J 28.993 29.33 9.887
3c1j 66.367 3.151 -1.587 3C1J 66.367 3.151 -1.587
3c1j 59.18 1.424 -6.434 3C1J 59.18 1.424 -6.434
3c1j 64.456 5.538 -6.177 3C1J 64.456 5.538 -6.177
3c1j 30.615 8.878 -4.092 3C1J 30.615 8.878 -4.092
3c1j 44.74 16.415 19.076 3C1J 44.74 16.415 19.076
3c1j 36.715 10.821 28.562 3C1J 36.715 10.821 28.562
