1VRV 120.563 20.243 -24.59 1VKR 320.562 220.242 175.408
1VRV 118.486 17.302 -18.819 1VKR 318.485 217.302 181.179
1VRV 115.774 9.737 -31.902 1VKR 315.773 209.736 168.097
1VRV 114.804 4.477 -28.013 1VKR 314.803 204.477 171.985
1VRV 111.843 11.045 -31.139 1VKR 311.842 211.044 168.86
1VRV 111.632 11.687 -29.77 1VKR 311.631 211.686 170.229
1VRV 115.002 19.353 -27.254 1VKR 315.002 219.352 172.744
1VRV 113.538 15.397 -20.94 1VKR 313.537 215.397 179.059
1VRV 115.516 18.408 -24.993 1VKR 315.516 218.408 175.005
1VRV 119.356 18.822 -22.934 1VKR 319.355 218.822 177.065
1VKR 320.562 220.242 175.408 1VRV 120.563 20.243 -24.59
1VKR 318.485 217.302 181.179 1VRV 118.486 17.302 -18.819
1VKR 315.773 209.736 168.097 1VRV 115.774 9.737 -31.902
1VKR 314.803 204.477 171.985 1VRV 114.804 4.477 -28.013
1VKR 311.842 211.044 168.86 1VRV 111.843 11.045 -31.139
1VKR 311.631 211.686 170.229 1VRV 111.632 11.687 -29.77
1VKR 315.002 219.352 172.744 1VRV 115.002 19.353 -27.254
1VKR 313.537 215.397 179.059 1VRV 113.538 15.397 -20.94
1VKR 315.516 218.408 175.005 1VRV 115.516 18.408 -24.993
1VKR 319.355 218.822 177.065 1VRV 119.356 18.822 -22.934
2JZN -1.761 -4.426 21.127 1VSQ -1.761 -4.426 21.127
2JZN 8.381 -21.912 3.158 1VSQ 8.381 -21.912 3.158
2JZN 6.822 29.134 -15.968 1VSQ 6.822 29.134 -15.968
2JZN 9.083 -22.207 4.44 1VSQ 9.083 -22.207 4.44
2JZN 7.522 0.442 18.497 1VSQ 7.522 0.442 18.497
2JZN 9.225 -23.733 4.603 1VSQ 9.225 -23.733 4.603
2JZN 11.994 -2.64 16.625 1VSQ 11.994 -2.64 16.625
2JZN 9.755 -1.628 16.419 1VSQ 9.755 -1.628 16.419
2JZN 4.027 -5.877 14.267 1VSQ 4.027 -5.877 14.267
2JZN 7.355 35.791 -2.348 1VSQ 7.355 35.791 -2.348
2JZN 1.378 27.083 0.129 1VSQ 1.378 27.083 0.129
2JZN 26.011 35.817 -5.758 1VSQ 26.011 35.817 -5.758
2JZN 11.821 15.625 17.302 1VSQ 11.821 15.625 17.302
2JZN 10.871 17.903 16.764 1VSQ 10.871 17.903 16.764
2JZN 13.119 17.225 15.894 1VSQ 13.119 17.225 15.894
2JZN 16.573 17.867 20.496 1VSQ 16.573 17.867 20.496
2JZN 16.886 19.114 18.357 1VSQ 16.886 19.114 18.357
2JZN 10.652 21.173 19.621 1VSQ 10.652 21.173 19.621
2JZN 7.484 16.554 18.437 1VSQ 7.484 16.554 18.437
2HXH 44.377 48.152 102.058 2HXF 44.377 48.152 102.058
2HXH 28.514 51.124 100.259 2HXF 28.514 51.124 100.259
2HXH 25.004 37.101 87.463 2HXF 25.004 37.101 87.463
2HXH 26.055 41.176 86.664 2HXF 26.055 41.176 86.664
2HXH 28.243 40.66 87.488 2HXF 28.243 40.66 87.488
2HXH 23.076 30.138 87.986 2HXF 23.076 30.138 87.986
2HXH 28.375 30.509 82.373 2HXF 28.375 30.509 82.373
2HXH 22.128 29.187 85.842 2HXF 22.128 29.187 85.842
2HXH 22.371 20.69 65.91 2HXF 22.371 20.69 65.91
2HXH 23.975 18.827 65.586 2HXF 23.975 18.827 65.586
2HXH 19.451 20.562 64.669 2HXF 19.451 20.562 64.669
2HXH 18.341 18.594 63.833 2HXF 18.341 18.594 63.833
2HXH 14.019 40.382 67.594 2HXF 14.019 40.382 67.594
2HXH 13.383 39.223 67.974 2HXF 13.383 39.223 67.974
2HXH 19.85 15.718 66.347 2HXF 19.85 15.718 66.347
2HXH 19.103 43.458 62.105 2HXF 19.103 43.458 62.105
2HXH 19.934 39.811 61.689 2HXF 19.934 39.811 61.689
2HXH 18.586 33.875 68.023 2HXF 18.586 33.875 68.023
2HXH 20.142 25.731 71.344 2HXF 20.142 25.731 71.344
2HXF 33.237 18.628 62.955 2HXH 33.237 18.628 62.955
2HXF 35.548 18.325 67.811 2HXH 35.548 18.325 67.811
2HXF 24.128 38.695 93.294 2HXH 24.128 38.695 93.294
2HXF 25.809 40.471 93.441 2HXH 25.809 40.471 93.441
2HXF 24.079 37.29 91.541 2HXH 24.079 37.29 91.541
2HXF 35.608 19.785 65.296 2HXH 35.608 19.785 65.296
2HXF 33.005 20.798 68.41 2HXH 33.005 20.798 68.41
2HXF 25.228 41.279 92.43 2HXH 25.228 41.279 92.43
2HXF 26.194 36.651 88.095 2HXH 26.194 36.651 88.095
2HXF 26.455 39.062 87.351 2HXH 26.455 39.062 87.351
2HXF 48.511 40.91 23.9 2HXH 48.511 40.91 23.9
2HXF 52.377 38.951 24.813 2HXH 52.377 38.951 24.813
2HXF 55.183 38.872 27.825 2HXH 55.183 38.872 27.825
2HXF 53.386 37.187 27.614 2HXH 53.386 37.187 27.614
2HXF 26.048 24.427 88.257 2HXH 26.048 24.427 88.257
2HXF 34.305 23.593 51.651 2HXH 34.305 23.593 51.651
2HXF 13.383 39.223 67.974 2HXH 13.383 39.223 67.974
2HXF 19.103 43.458 62.105 2HXH 19.103 43.458 62.105
2HXF 19.934 39.811 61.689 2HXH 19.934 39.811 61.689
1VSQ 1.488 6.318 27.649 2JZN 1.488 6.318 27.649
1VSQ 3.411 18.364 22.902 2JZN 3.411 18.364 22.902
1VSQ 4.151 19.636 18.82 2JZN 4.151 19.636 18.82
1VSQ 2.01 14.673 18.812 2JZN 2.01 14.673 18.812
1VSQ 11.095 11.595 14.755 2JZN 11.095 11.595 14.755
1VSQ 10.312 10.838 15.63 2JZN 10.312 10.838 15.63
1VSQ 28.372 31.139 -1.327 2JZN 28.372 31.139 -1.327
1VSQ 29.004 33.437 -4.195 2JZN 29.004 33.437 -4.195
1VSQ 17.858 8.935 -3.622 2JZN 17.858 8.935 -3.622
1VSQ 23.9 11.968 2.723 2JZN 23.9 11.968 2.723
1VSQ 23.114 7.423 0.449 2JZN 23.114 7.423 0.449
1VSQ 4.027 -5.877 14.267 2JZN 4.027 -5.877 14.267
1VSQ 9.755 -1.628 16.419 2JZN 9.755 -1.628 16.419
1VSQ 11.994 -2.64 16.625 2JZN 11.994 -2.64 16.625
1VSQ 11.21 -1.608 16.329 2JZN 11.21 -1.608 16.329
1VSQ 11.467 -3.789 17.041 2JZN 11.467 -3.789 17.041
1VSQ 13.309 -2.528 16.483 2JZN 13.309 -2.528 16.483
1VSQ 9.225 -23.733 4.603 2JZN 9.225 -23.733 4.603
1VSQ 9.083 -22.207 4.44 2JZN 9.083 -22.207 4.44
3c1j 49.426 28.775 36.706 3C1J 49.426 28.775 36.706
3c1j 49.686 -0.846 29.181 3C1J 49.686 -0.846 29.181
3c1j 25.885 16.53 23.32 3C1J 25.885 16.53 23.32
