2NUU 24.891 28.076 41.895 1KPK 33.587 91.675 15.437
2NUU 24.891 28.076 41.895 1KPK 31.493 95.863 13.453
2NUU 24.891 28.076 41.895 1KPK 30.221 95.628 11.291
2NUU 28.844 25.642 44.041 1KPK 30.221 95.628 11.291
2NUU 24.891 28.076 41.895 1KPK 30.302 97.288 6.689
2NUU 22.961 27.84 94.541 1KPK 36.042 92.378 17.159
2NUU 16.246 25.811 94.103 1KPK 36.042 92.378 17.159
2NUU 21.597 28.608 98.833 1KPK 36.042 92.378 17.159
2NUU 15.696 25.222 92.81 1KPK 31.493 95.863 13.453
2NUU 16.926 29.17 96.533 1KPK 31.493 95.863 13.453
2NUU 22.961 27.84 94.541 1KPK 33.412 100.356 14.347
2NUU 15.696 25.222 92.81 1KPK 30.221 95.628 11.291
3B61 -75.258 -90.068 -34.312 1KPK 30.221 95.628 11.291
3B61 -72.004 -94.893 -33.353 1KPK 30.221 95.628 11.291
3B61 -59.683 -108.679 -34.175 1KPK 30.221 95.628 11.291
3B61 -56.066 -200.759 -33 1KPK 30.221 95.628 11.291
3B61 -56.066 -200.759 -33 1KPK 31.493 95.863 13.453
3B61 -45.64 -201.819 -50.933 1KPK 53.921 34.755 188.001
3B62 23.079 18.41 34.466 1KPK 33.587 91.675 15.437
3B62 19.451 22.645 34.403 1KPK 30.221 95.628 11.291
3B62 21.242 14.267 33.101 1KPK 33.587 91.675 15.437
3B62 23.079 18.41 34.466 1KPK 31.493 95.863 13.453
3B62 23.079 18.41 34.466 1KPK 30.221 95.628 11.291
2BL2 44.603 15.404 1.182 1PW4 37.159 -3.759 -31.454
1VRV 120.563 20.243 -24.59 1VKR 320.562 220.242 175.408
1VRV 118.486 17.302 -18.819 1VKR 318.485 217.302 181.179
1VRV 115.774 9.737 -31.902 1VKR 315.773 209.736 168.097
1VRV 114.804 4.477 -28.013 1VKR 314.803 204.477 171.985
1VRV 111.843 11.045 -31.139 1VKR 311.842 211.044 168.86
1VRV 111.632 11.687 -29.77 1VKR 311.631 211.686 170.229
1VRV 115.002 19.353 -27.254 1VKR 315.002 219.352 172.744
1VRV 113.538 15.397 -20.94 1VKR 313.537 215.397 179.059
1VRV 115.516 18.408 -24.993 1VKR 315.516 218.408 175.005
1VRV 119.356 18.822 -22.934 1VKR 319.355 218.822 177.065
1VKR 320.562 220.242 175.408 1VRV 120.563 20.243 -24.59
1VKR 318.485 217.302 181.179 1VRV 118.486 17.302 -18.819
1VKR 315.773 209.736 168.097 1VRV 115.774 9.737 -31.902
1VKR 314.803 204.477 171.985 1VRV 114.804 4.477 -28.013
1VKR 311.842 211.044 168.86 1VRV 111.843 11.045 -31.139
1VKR 311.631 211.686 170.229 1VRV 111.632 11.687 -29.77
1VKR 315.002 219.352 172.744 1VRV 115.002 19.353 -27.254
1VKR 313.537 215.397 179.059 1VRV 113.538 15.397 -20.94
1VKR 315.516 218.408 175.005 1VRV 115.516 18.408 -24.993
1VKR 319.355 218.822 177.065 1VRV 119.356 18.822 -22.934
2JZN 32.992 30.754 1.68 1VSQ 32.992 30.754 1.68
2JZN 33.624 30.611 0.437 1VSQ 33.624 30.611 0.437
2JZN 33.979 29.343 -1.578 1VSQ 33.979 29.343 -1.578
2JZN 10.871 17.903 16.764 1VSQ 10.871 17.903 16.764
2JZN 11.821 15.625 17.302 1VSQ 11.821 15.625 17.302
2JZN 13.329 18.923 -9.909 1VSQ 13.329 18.923 -9.909
2JZN 16.645 18.934 12.331 1VSQ 16.645 18.934 12.331
2JZN 15.539 20.857 11.178 1VSQ 15.539 20.857 11.178
2JZN 14.796 18.503 10.673 1VSQ 14.796 18.503 10.673
2JZN 10.878 22.459 12.029 1VSQ 10.878 22.459 12.029
2JZN 10.447 24.072 10.505 1VSQ 10.447 24.072 10.505
2JZN 21.819 30.5 -13.597 1VSQ 21.819 30.5 -13.597
2JZN 16.886 19.114 18.357 1VSQ 16.886 19.114 18.357
2JZN 13.119 17.225 15.894 1VSQ 13.119 17.225 15.894
2JZN 18.77 29.68 13.562 1VSQ 18.77 29.68 13.562
2JZN 1.116 8.875 20.398 1VSQ 1.116 8.875 20.398
2JZN 0.806 16.469 21.354 1VSQ 0.806 16.469 21.354
2JZN 18.486 -11.866 -8.189 1VSQ 18.486 -11.866 -8.189
2JZN 11.21 -1.608 16.329 1VSQ 11.21 -1.608 16.329
2B2I 9.362 -29.809 -40.82 1XFH 18.381 25.545 14.878
2NUU 20.014 23.332 41.717 1XFH 17.235 30.073 22.75
2NUU 24.263 27.156 41.062 1XFH 20.121 63.416 -11.496
2NUU 21.207 23.204 40.995 1XFH 20.121 63.416 -11.496
2NUU 20.014 23.332 41.717 1XFH 20.601 61.257 -12.692
2NUU 18.121 20.07 96.86 1XFH 20.454 27.413 25.099
3B61 -69.397 -65.203 -9.508 1XFH 17.687 25.35 19.813
3B61 -68.399 -67.982 -7.172 1XFH 17.687 25.35 19.813
3B61 -66.809 -69.339 -10.998 1XFH 17.687 25.35 19.813
3B61 -66.277 -72.538 -9.034 1XFH 17.687 25.35 19.813
3B61 -66.157 -74.088 -14.203 1XFH 17.687 25.35 19.813
3B61 -68.399 -67.982 -7.172 1XFH 20.458 32.763 12.189
3B61 -66.277 -72.538 -9.034 1XFH 20.458 32.763 12.189
3B61 -66.157 -74.088 -14.203 1XFH 20.458 32.763 12.189
3B61 -69.961 -75.33 -24.014 1XFH 17.687 25.35 19.813
3B61 -62.094 -82.521 -17.055 1XFH 20.458 32.763 12.189
3B61 -69.961 -75.33 -24.014 1XFH 20.458 32.763 12.189
3B61 -70.009 -79.263 -19.037 1XFH 20.458 32.763 12.189
3B61 -85.459 -71.596 -33.521 1XFH 17.687 25.35 19.813
3B61 -82.383 -75.569 -33.375 1XFH 15.517 33.032 15.225
3B61 -83.957 -81.434 -32.548 1XFH 18.381 25.545 14.878
3B61 -85.459 -71.596 -33.521 1XFH 20.458 32.763 12.189
3B61 -82.543 -79 -29.982 1XFH 15.517 33.032 15.225
3B61 -82.383 -75.569 -33.375 1XFH 17.235 30.073 22.75
3B61 -83.551 -83.331 -27.76 1XFH 17.687 25.35 19.813
3B62 17.33 22.826 14.579 1XFH 17.687 25.35 19.813
3B62 14.121 20.999 15.51 1XFH 17.687 25.35 19.813
3B62 14.592 19.003 12.331 1XFH 18.381 25.545 14.878
3B62 21.461 15.006 18.854 1XFH 24.511 22.662 18.287
3B62 23.094 14.901 15.35 1XFH 24.511 22.662 18.287
3B62 30.663 18.798 17.004 1XFH 23.212 23.118 18.392
3B62 15.817 17.033 17.35 1XFH 18.381 25.545 14.878
3B62 26.542 14.083 16.745 1XFH 23.212 23.118 18.392
3B62 17.33 22.826 14.579 1XFH 20.458 32.763 12.189
3B62 9.368 21.062 19.361 1XFH 18.381 25.545 14.878
3B62 21.461 15.006 18.854 1XFH 17.687 25.35 19.813
3B62 33.89 16.815 16.527 1XFH 24.511 22.662 18.287
3B62 20.254 20.17 18.048 1XFH 17.235 30.073 22.75
3B62 34.555 18.412 19.934 1XFH 24.594 24.531 22.6
3B62 34.555 18.412 19.934 1XFH 23.212 23.118 18.392
3B62 33.191 13.569 19.434 1XFH 24.511 22.662 18.287
3B62 6.763 18.933 21.075 1XFH 17.687 25.35 19.813
3B62 7.959 17.406 17.041 1XFH 17.687 25.35 19.813
3B62 25.388 21.971 36.08 1XFH 20.454 27.413 25.099
2B2I 12.508 -28.861 -43.459 2B2F 13.31 24.076 -5.362
2B2I 10.399 -29.346 -44.686 2B2F 13.31 24.076 -5.362
2BL2 35.868 14.206 22.552 2B2F 9.767 -7.353 -7.668
2NUU 21.207 23.204 40.995 2B2F 18.77 25.153 2.056
2NUU 24.263 27.156 41.062 2B2F 18.77 25.153 2.056
3B61 -59.683 -108.679 -34.175 2B2F 22.058 18.736 1.708
3B62 39.687 16.788 18.861 2B2F 26.372 20.315 6.807
3B62 36.402 14.3 21.283 2B2F 26.978 18.149 5.71
3B62 21.242 14.267 33.101 2B2F 24.201 23.899 8.319
3B62 19.931 10.428 28.884 2B2F 21.134 23.02 4.839
3B62 21.242 14.267 33.101 2B2F 26.978 18.149 5.71
3B62 23.454 13.243 30.211 2B2F 26.877 17.093 1.656
3B62 25.872 16.437 32.81 2B2F 26.877 17.093 1.656
2FED -14.923 -11.786 -33.376 2B2H 4.197 29.031 -3.819
2NUU 20.014 23.332 41.717 2B2H 10.319 29.377 -1.921
2NUU 20.014 23.332 41.717 2B2H 5.25 28.552 -2.819
2NUU 20.014 23.332 41.717 2B2H -13.256 6.979 -0.726
1XFH 18.381 25.545 14.878 2B2I 9.362 -29.809 -40.82
2B2F 13.31 24.076 -5.362 2B2I 12.508 -28.861 -43.459
2B2F 13.31 24.076 -5.362 2B2I 10.399 -29.346 -44.686
2BL2 37.161 24.506 13.993 2B2I -12.263 -3.974 -51.255
2BL2 35.868 14.206 22.552 2B2I -12.263 -3.974 -51.255
2NUU 25.417 22.344 40.445 2B2I 12.508 -28.861 -43.459
2NUU 21.207 23.204 40.995 2B2I 12.508 -28.861 -43.459
2NUU 26.325 22.527 41.474 2B2I 12.508 -28.861 -43.459
2NUU 21.207 23.204 40.995 2B2I 10.399 -29.346 -44.686
2NUU 15.696 25.222 92.81 2B2I 9.362 -29.809 -40.82
3B62 21.242 14.267 33.101 2B2I 9.362 -29.809 -40.82
2BL2 44.603 15.404 1.182 2BBJ 37.75 33.444 126.022
2NUU 25.312 25.452 97.223 2BBJ 39.714 24.104 110.539
2NUU 21.49 27.483 99.665 2BBJ 24.809 32.566 120.029
2NUU 21.49 27.483 99.665 2BBJ 39.648 29.174 111.884
2NUU 21.49 27.483 99.665 2BBJ 33.861 29.468 117.761
2NUU 21.597 28.608 98.833 2BBJ 39.714 24.104 110.539
2NUU 21.49 27.483 99.665 2BBJ 31.351 36.141 117.695
2NUU 21.597 28.608 98.833 2BBJ 30.75 35.044 118.305
2NUU 21.493 27.979 104.466 2BBJ 39.846 31.068 117.305
2NUU 21.49 27.483 99.665 2BBJ 32.737 36.206 117.603
2NUU 21.239 22.517 99.679 2BBJ 39.648 29.174 111.884
2NUU 21.239 22.517 99.679 2BBJ 33.861 29.468 117.761
2NUU 22.961 27.84 94.541 2BBJ 39.714 24.104 110.539
2NUU 17.534 24.419 100.302 2BBJ 33.861 29.468 117.761
2NUU 21.239 22.517 99.679 2BBJ 31.351 36.141 117.695
2NUU 17.068 25.142 99.194 2BBJ 33.861 29.468 117.761
2NUU 25.312 25.452 97.223 2BBJ 39.846 31.068 117.305
2NUU 22.961 27.84 94.541 2BBJ 30.75 35.044 118.305
2NUU 21.597 28.608 98.833 2BBJ 39.846 31.068 117.305
2NUU 21.49 27.483 99.665 2BBJ 42.945 30.297 115.336
2NWW 22.409 36.144 20.84 2BBJ 42.945 30.297 115.336
3B61 -75.258 -90.068 -34.312 2BBJ 33.861 29.468 117.761
3B61 -72.004 -94.893 -33.353 2BBJ 33.861 29.468 117.761
3B61 -74.894 -93.988 -29.188 2BBJ 39.846 31.068 117.305
3B61 -56.283 -108.915 -30.364 2BBJ 39.846 31.068 117.305
3B61 -59.683 -108.679 -34.175 2BBJ 33.861 29.468 117.761
3B61 -70.8 -181.759 -33.083 2BBJ 33.861 29.468 117.761
3B61 -67.635 -186.582 -31.836 2BBJ 33.861 29.468 117.761
3B61 -70.999 -185.776 -28.02 2BBJ 39.846 31.068 117.305
3B61 -56.066 -200.759 -33 2BBJ 33.861 29.468 117.761
3B61 -52.428 -200.99 -29.427 2BBJ 39.846 31.068 117.305
3B62 23.75 16.771 37.874 2BBJ 39.648 29.174 111.884
3B62 23.75 16.771 37.874 2BBJ 42.945 30.297 115.336
3B62 23.75 16.771 37.874 2BBJ 33.861 29.468 117.761
3B62 53.198 12.222 31.422 2BBJ 39.846 31.068 117.305
3B62 36.402 14.3 21.283 2BBJ 39.648 29.174 111.884
3B62 36.402 14.3 21.283 2BBJ 42.945 30.297 115.336
3B62 36.402 14.3 21.283 2BBJ 33.861 29.468 117.761
3B62 34.555 18.412 19.934 2BBJ 33.861 29.468 117.761
3B62 36.402 14.3 21.283 2BBJ 32.737 36.206 117.603
3B62 36.402 14.3 21.283 2BBJ 31.351 36.141 117.695
1PW4 37.159 -3.759 -31.454 2BL2 44.603 15.404 1.182
2B2F 9.767 -7.353 -7.668 2BL2 35.868 14.206 22.552
2B2I -12.263 -3.974 -51.255 2BL2 37.161 24.506 13.993
2B2I -12.263 -3.974 -51.255 2BL2 35.868 14.206 22.552
2BBJ 37.75 33.444 126.022 2BL2 44.603 15.404 1.182
2NUU 20.111 22.089 46.159 2BL2 37.551 -1.365 51.838
2NUU 28.837 27.582 48.377 2BL2 37.923 59.826 59.006
2NUU 23.517 28.513 46.32 2BL2 39.222 66.497 51.734
2NUU 20.111 22.089 46.159 2BL2 42.977 5.596 10.263
2NUU 27.163 22.724 46.974 2BL2 43.958 14.477 3.482
2NUU 22.534 29.534 48.416 2BL2 42.173 70.162 28.75
2NUU 20.193 28.042 43.455 2BL2 42.173 70.162 28.75
2NUU 27.365 21.775 48.148 2BL2 44.603 15.404 1.182
2NUU 20.193 28.042 43.455 2BL2 43.27 64.43 16.601
2NUU 20.193 28.042 43.455 2BL2 41.47 66.083 15.897
2NUU 22.534 29.534 48.416 2BL2 43.27 64.43 16.601
2NUU 27.365 21.775 48.148 2BL2 48.646 16.506 1.309
2NUU 23.517 28.513 46.32 2BL2 43.277 66.848 17.457
2NUU 20.193 28.042 43.455 2BL2 44.483 59.472 7.959
2NUU 22.534 29.534 48.416 2BL2 44.483 59.472 7.959
2ONK -23.329 14.909 -16.843 2BL2 37.923 59.826 59.006
3B61 -82.383 -75.569 -33.375 2BL2 41.317 1.501 13.109
3B61 -82.383 -75.569 -33.375 2BL2 43.129 61.763 10.901
3B61 -82.383 -75.569 -33.375 2BL2 42.643 62.833 11.647
3B61 -42.008 -121.292 -37.237 2BL2 43.129 61.763 10.901
3B61 -42.008 -121.292 -37.237 2BL2 42.643 62.833 11.647
3B61 -77.481 -167.25 -32.573 2BL2 43.129 61.763 10.901
3B61 -77.481 -167.25 -32.573 2BL2 42.643 62.833 11.647
3B61 -38.087 -212.981 -37.187 2BL2 43.129 61.763 10.901
3B61 -38.087 -212.981 -37.187 2BL2 42.643 62.833 11.647
3B61 -42.389 -213.216 -39.243 2BL2 43.129 61.763 10.901
3C1H 48.863 2.857 13.274 2BL2 43.27 64.43 16.601
2NUU 21.207 23.204 40.995 2EXW 13.25 -8.833 23.944
3B61 -74.894 -93.988 -29.188 2EXW 15.758 -12.755 21.756
2NUU 27.163 22.724 46.974 2EXY 39.143 30.131 38.958
2NUU 27.163 22.724 46.974 2EXY 42.775 26.392 39.652
2NUU 26.681 21.44 42.279 2FEC 44.275 13.383 37.301
2B2H 4.197 29.031 -3.819 2FED -14.923 -11.786 -33.376
2NUU 20.014 23.332 41.717 2FED -48.584 8.031 -32.93
2NUU 21.207 23.204 40.995 2FEE 10.355 -9.51 24.082
2NUU 21.504 24.12 39.967 2FEE 10.355 -9.51 24.082
2NUU 25.417 22.344 40.445 2FEE 10.355 -9.51 24.082
2NUU 22.145 19.263 43.895 2FEE 12.746 -13.09 22.94
2NUU 21.207 23.204 40.995 2FEE 10.94 -9.94 21.743
2NUU 26.325 22.527 41.474 2FEE 10.355 -9.51 24.082
2NUU 22.145 19.263 43.895 2FEE 15.93 -10.982 17.77
2NUU 20.014 23.332 41.717 2HT2 -10.607 -9.51 -23.674
3B61 -83.957 -81.434 -32.548 2HT2 -15.31 -17.121 -26.875
3B61 -48.012 -122.323 -36.511 2HT2 -15.31 -17.121 -26.875
3B61 -44.179 -126.134 -37.652 2HT2 -14.071 -15.55 -29.256
3B61 -82.561 -168.625 -31.93 2HT2 -14.071 -15.55 -29.256
3B61 -47.353 -196.725 -45.111 2HT2 -14.071 -15.55 -29.256
3B61 -43.919 -214.156 -35.916 2HT2 -15.31 -17.121 -26.875
2NUU 20.014 23.332 41.717 2HT4 -11.123 12.329 25.774
2HXH 17.066 30.809 80.703 2HXF 17.066 30.809 80.703
2HXH 37.525 48.179 101.495 2HXF 37.525 48.179 101.495
2HXH 25.235 29.475 88.823 2HXF 25.235 29.475 88.823
2HXH 20.579 29.357 83.453 2HXF 20.579 29.357 83.453
2HXH 22.961 20.878 61.067 2HXF 22.961 20.878 61.067
2HXH 26.215 29.569 89.787 2HXF 26.215 29.569 89.787
2HXH 19.03 30.579 79.764 2HXF 19.03 30.579 79.764
2HXH 25.402 28.624 87.736 2HXF 25.402 28.624 87.736
2HXH 25.95 39.316 41.831 2HXF 25.95 39.316 41.831
2HXH 18.341 18.594 63.833 2HXF 18.341 18.594 63.833
2HXH 18.968 30.673 82.166 2HXF 18.968 30.673 82.166
2HXH 22.792 35.513 45.25 2HXF 22.792 35.513 45.25
2HXH 19.451 20.562 64.669 2HXF 19.451 20.562 64.669
2HXH 21.076 35.825 46.884 2HXF 21.076 35.825 46.884
2HXH 18.309 30.687 80.78 2HXF 18.309 30.687 80.78
2HXH 24.073 30.235 88.95 2HXF 24.073 30.235 88.95
2HXH 19.85 15.718 66.347 2HXF 19.85 15.718 66.347
2HXH 23.975 18.827 65.586 2HXF 23.975 18.827 65.586
2HXH 22.371 20.69 65.91 2HXF 22.371 20.69 65.91
2HXF 16.693 24.57 80.486 2HXH 16.693 24.57 80.486
2HXF 17.208 23.17 82.751 2HXH 17.208 23.17 82.751
2HXF 31.406 25.312 42.384 2HXH 31.406 25.312 42.384
2HXF 29.951 23.687 43.548 2HXH 29.951 23.687 43.548
2HXF 28.124 27.381 78.152 2HXH 28.124 27.381 78.152
2HXF 23.082 21.524 78.313 2HXH 23.082 21.524 78.313
2HXF 18.709 26.513 76.778 2HXH 18.709 26.513 76.778
2HXF 19.732 27.458 34.118 2HXH 19.732 27.458 34.118
2HXF 18.142 26.74 35.534 2HXH 18.142 26.74 35.534
2HXF 54.472 32.403 67.222 2HXH 54.472 32.403 67.222
2HXF 53.766 32.346 69.3 2HXH 53.766 32.346 69.3
2HXF 53.555 32.31 68.065 2HXH 53.555 32.31 68.065
2HXF 19.392 26.767 35.075 2HXH 19.392 26.767 35.075
2HXF 21.045 19.976 39.797 2HXH 21.045 19.976 39.797
2HXF 19.743 44.846 87.619 2HXH 19.743 44.846 87.619
2HXF 21.865 45.328 86.411 2HXH 21.865 45.328 86.411
2HXF 22.444 46.176 85.305 2HXH 22.444 46.176 85.305
2HXF 20.42 22.941 37.993 2HXH 20.42 22.941 37.993
2HXF 25.152 22.485 38.382 2HXH 25.152 22.485 38.382
1VSQ 11.467 -3.789 17.041 2JZN 11.467 -3.789 17.041
1VSQ 11.21 -1.608 16.329 2JZN 11.21 -1.608 16.329
1VSQ -10.326 -0.882 22.617 2JZN -10.326 -0.882 22.617
1VSQ 11.994 -2.64 16.625 2JZN 11.994 -2.64 16.625
1VSQ 9.755 -1.628 16.419 2JZN 9.755 -1.628 16.419
1VSQ -1.55 7.604 24.688 2JZN -1.55 7.604 24.688
1VSQ 4.027 -5.877 14.267 2JZN 4.027 -5.877 14.267
1VSQ -5.36 -1.19 25.867 2JZN -5.36 -1.19 25.867
1VSQ 13.309 -2.528 16.483 2JZN 13.309 -2.528 16.483
1VSQ 11.095 11.595 14.755 2JZN 11.095 11.595 14.755
1VSQ 10.312 10.838 15.63 2JZN 10.312 10.838 15.63
1VSQ 4.44 27.038 -0.698 2JZN 4.44 27.038 -0.698
1VSQ 29.34 29.15 -4.888 2JZN 29.34 29.15 -4.888
1VSQ 24.738 30.569 -4.039 2JZN 24.738 30.569 -4.039
1VSQ 28.298 30.408 -6.356 2JZN 28.298 30.408 -6.356
1VSQ 12.486 12.361 -8.404 2JZN 12.486 12.361 -8.404
1VSQ 8.381 -21.912 3.158 2JZN 8.381 -21.912 3.158
3B61 -70.067 -71.138 -26.396 2NPC 40.75 3.164 10.779
3B61 -64.087 -166.05 -11.833 2NPC 42.699 2.005 12.812
3B61 -48.77 -194.054 -53.45 2NPC 42.699 2.005 12.812
3B62 43.666 8.064 21.32 2NPC 42.699 2.005 12.812
3B62 41.812 11.413 19.128 2NPC 42.699 2.005 12.812
3B62 46.465 10.571 21.194 2NPC 42.699 2.005 12.812
3B62 53.198 12.222 31.422 2NPC 42.699 2.005 12.812
3B62 36.203 14.913 35.542 2NPC 42.699 2.005 12.812
3B62 33.4 11.147 36.494 2NPC 42.699 2.005 12.812
3B62 13.8 14.362 15.552 2NPC 40.75 3.164 10.779
3B62 4.414 12.211 22.968 2NPC 36.702 3.316 11.67
3B61 -69.397 -65.203 -9.508 2NPK 42.561 17.332 9.576
3B61 -68.399 -67.982 -7.172 2NPK 42.561 17.332 9.576
3B61 -66.809 -69.339 -10.998 2NPK 42.561 17.332 9.576
3B61 -68.399 -67.982 -7.172 2NPK 44.786 15.623 5.163
3B61 -66.277 -72.538 -9.034 2NPK 42.561 17.332 9.576
3B61 -66.277 -72.538 -9.034 2NPK 44.786 15.623 5.163
3B61 -61.785 -77.72 -15.805 2NPK 44.786 15.623 5.163
3B61 -61.785 -77.72 -15.805 2NPK 42.561 17.332 9.576
3B61 -66.157 -74.088 -14.203 2NPK 44.786 15.623 5.163
3B61 -66.157 -74.088 -14.203 2NPK 42.561 17.332 9.576
3B61 -64.345 -78.978 -13.295 2NPK 44.786 15.623 5.163
3B61 -64.345 -78.978 -13.295 2NPK 42.561 17.332 9.576
3B61 -62.094 -82.521 -17.055 2NPK 44.786 15.623 5.163
3B61 -62.094 -82.521 -17.055 2NPK 42.561 17.332 9.576
3B61 -70.067 -71.138 -26.396 2NPK 42.131 17.142 13.711
3B61 -64.801 -78.248 -27.94 2NPK 42.561 17.332 9.576
3B61 -69.961 -75.33 -24.014 2NPK 44.786 15.623 5.163
3B61 -69.961 -75.33 -24.014 2NPK 42.561 17.332 9.576
3B61 -71.523 -72.889 -29.468 2NPK 44.786 15.623 5.163
3B62 49.595 19.742 14.758 2NPK 48.423 16.478 13.352
3B62 52.986 18.121 15.326 2NPK 48.423 16.478 13.352
3B62 41.62 16.288 15.593 2NPK 43.522 12.3 12.607
3B62 45.279 11.02 17.591 2NPK 43.522 12.3 12.607
3B62 44.613 15.477 17.82 2NPK 48.36 16.792 12.013
3B62 52.034 15.776 19.395 2NPK 48.423 16.478 13.352
3B62 50.307 19.163 19.606 2NPK 48.36 16.792 12.013
3B62 50.307 19.163 19.606 2NPK 49.144 17.823 11.463
3B62 41.916 21.09 17.313 2NPK 42.561 17.332 9.576
3B62 41.812 11.413 19.128 2NPK 48.36 16.792 12.013
3B62 46.465 10.571 21.194 2NPK 48.36 16.792 12.013
3B62 41.812 11.413 19.128 2NPK 42.561 17.332 9.576
3B62 33.191 13.569 19.434 2NPK 42.561 17.332 9.576
3B62 51.875 15.369 27.27 2NPK 48.423 16.478 13.352
3B62 51.645 18.12 24.086 2NPK 43.522 12.3 12.607
3B62 33.191 13.569 19.434 2NPK 48.36 16.792 12.013
3B62 23.983 19.912 17.26 2NPK 42.131 17.142 13.711
3B62 49.778 10.576 31.423 2NPK 43.522 12.3 12.607
3B62 23.094 14.901 15.35 2NPK 42.561 17.332 9.576
1KPK 33.587 91.675 15.437 2NUU 24.891 28.076 41.895
1KPK 31.493 95.863 13.453 2NUU 24.891 28.076 41.895
1KPK 30.221 95.628 11.291 2NUU 24.891 28.076 41.895
1KPK 30.221 95.628 11.291 2NUU 28.844 25.642 44.041
1KPK 30.302 97.288 6.689 2NUU 24.891 28.076 41.895
1KPK 36.042 92.378 17.159 2NUU 22.961 27.84 94.541
1KPK 36.042 92.378 17.159 2NUU 16.246 25.811 94.103
1KPK 36.042 92.378 17.159 2NUU 21.597 28.608 98.833
1KPK 31.493 95.863 13.453 2NUU 15.696 25.222 92.81
1KPK 31.493 95.863 13.453 2NUU 16.926 29.17 96.533
1KPK 33.412 100.356 14.347 2NUU 22.961 27.84 94.541
1KPK 30.221 95.628 11.291 2NUU 15.696 25.222 92.81
1XFH 17.235 30.073 22.75 2NUU 20.014 23.332 41.717
1XFH 20.121 63.416 -11.496 2NUU 24.263 27.156 41.062
1XFH 20.121 63.416 -11.496 2NUU 21.207 23.204 40.995
1XFH 20.601 61.257 -12.692 2NUU 20.014 23.332 41.717
1XFH 20.454 27.413 25.099 2NUU 18.121 20.07 96.86
2B2F 18.77 25.153 2.056 2NUU 21.207 23.204 40.995
2B2F 18.77 25.153 2.056 2NUU 24.263 27.156 41.062
2B2H 10.319 29.377 -1.921 2NUU 20.014 23.332 41.717
2B2H 5.25 28.552 -2.819 2NUU 20.014 23.332 41.717
2B2H -13.256 6.979 -0.726 2NUU 20.014 23.332 41.717
2B2I 12.508 -28.861 -43.459 2NUU 25.417 22.344 40.445
2B2I 12.508 -28.861 -43.459 2NUU 21.207 23.204 40.995
2B2I 12.508 -28.861 -43.459 2NUU 26.325 22.527 41.474
2B2I 10.399 -29.346 -44.686 2NUU 21.207 23.204 40.995
2B2I 9.362 -29.809 -40.82 2NUU 15.696 25.222 92.81
2BBJ 39.714 24.104 110.539 2NUU 25.312 25.452 97.223
2BBJ 24.809 32.566 120.029 2NUU 21.49 27.483 99.665
2BBJ 39.648 29.174 111.884 2NUU 21.49 27.483 99.665
2BBJ 33.861 29.468 117.761 2NUU 21.49 27.483 99.665
2BBJ 39.714 24.104 110.539 2NUU 21.597 28.608 98.833
2BBJ 31.351 36.141 117.695 2NUU 21.49 27.483 99.665
2BBJ 30.75 35.044 118.305 2NUU 21.597 28.608 98.833
2BBJ 39.846 31.068 117.305 2NUU 21.493 27.979 104.466
2BBJ 32.737 36.206 117.603 2NUU 21.49 27.483 99.665
2BBJ 39.648 29.174 111.884 2NUU 21.239 22.517 99.679
2BBJ 33.861 29.468 117.761 2NUU 21.239 22.517 99.679
2BBJ 39.714 24.104 110.539 2NUU 22.961 27.84 94.541
2BBJ 33.861 29.468 117.761 2NUU 17.534 24.419 100.302
2BBJ 31.351 36.141 117.695 2NUU 21.239 22.517 99.679
2BBJ 33.861 29.468 117.761 2NUU 17.068 25.142 99.194
2BBJ 39.846 31.068 117.305 2NUU 25.312 25.452 97.223
2BBJ 30.75 35.044 118.305 2NUU 22.961 27.84 94.541
2BBJ 39.846 31.068 117.305 2NUU 21.597 28.608 98.833
2BBJ 42.945 30.297 115.336 2NUU 21.49 27.483 99.665
2BL2 37.551 -1.365 51.838 2NUU 20.111 22.089 46.159
2BL2 37.923 59.826 59.006 2NUU 28.837 27.582 48.377
2BL2 39.222 66.497 51.734 2NUU 23.517 28.513 46.32
2BL2 42.977 5.596 10.263 2NUU 20.111 22.089 46.159
2BL2 43.958 14.477 3.482 2NUU 27.163 22.724 46.974
2BL2 42.173 70.162 28.75 2NUU 22.534 29.534 48.416
2BL2 42.173 70.162 28.75 2NUU 20.193 28.042 43.455
2BL2 44.603 15.404 1.182 2NUU 27.365 21.775 48.148
2BL2 43.27 64.43 16.601 2NUU 20.193 28.042 43.455
2BL2 41.47 66.083 15.897 2NUU 20.193 28.042 43.455
2BL2 43.27 64.43 16.601 2NUU 22.534 29.534 48.416
2BL2 48.646 16.506 1.309 2NUU 27.365 21.775 48.148
2BL2 43.277 66.848 17.457 2NUU 23.517 28.513 46.32
2BL2 44.483 59.472 7.959 2NUU 20.193 28.042 43.455
2BL2 44.483 59.472 7.959 2NUU 22.534 29.534 48.416
2EXW 13.25 -8.833 23.944 2NUU 21.207 23.204 40.995
2EXY 39.143 30.131 38.958 2NUU 27.163 22.724 46.974
2EXY 42.775 26.392 39.652 2NUU 27.163 22.724 46.974
2FEC 44.275 13.383 37.301 2NUU 26.681 21.44 42.279
2FED -48.584 8.031 -32.93 2NUU 20.014 23.332 41.717
2FEE 10.355 -9.51 24.082 2NUU 21.207 23.204 40.995
2FEE 10.355 -9.51 24.082 2NUU 21.504 24.12 39.967
2FEE 10.355 -9.51 24.082 2NUU 25.417 22.344 40.445
2FEE 12.746 -13.09 22.94 2NUU 22.145 19.263 43.895
2FEE 10.94 -9.94 21.743 2NUU 21.207 23.204 40.995
2FEE 10.355 -9.51 24.082 2NUU 26.325 22.527 41.474
2FEE 15.93 -10.982 17.77 2NUU 22.145 19.263 43.895
2HT2 -10.607 -9.51 -23.674 2NUU 20.014 23.332 41.717
2HT4 -11.123 12.329 25.774 2NUU 20.014 23.332 41.717
2NWL 20.59 26.403 24.229 2NUU 20.014 23.332 41.717
2NWL 24.959 33.47 23.851 2NUU 24.263 27.156 41.062
2NWL 19.801 28.558 25.093 2NUU 20.193 28.042 43.455
2NWL 17.068 30.854 22.809 2NUU 21.504 24.12 39.967
2NWL 22.819 26.381 23.02 2NUU 24.891 28.076 41.895
2NWL 25.94 29.4 22.649 2NUU 24.891 28.076 41.895
2NWL 17.068 30.854 22.809 2NUU 24.263 27.156 41.062
2NWL 17.068 30.854 22.809 2NUU 21.207 23.204 40.995
2NWL 19.801 28.558 25.093 2NUU 16.246 25.811 94.103
2NWL 19.801 28.558 25.093 2NUU 22.961 27.84 94.541
2NWL 22.819 26.381 23.02 2NUU 15.696 25.222 92.81
2NWL 25.94 29.4 22.649 2NUU 15.696 25.222 92.81
2NWL 19.801 28.558 25.093 2NUU 25.312 25.452 97.223
2NWL 16.339 26.552 22.198 2NUU 21.349 20.958 94.655
2NWL 19.801 28.558 25.093 2NUU 21.597 28.608 98.833
2NWL 25.94 29.4 22.649 2NUU 16.926 29.17 96.533
2NWL 17.099 25.669 19.971 2NUU 21.349 20.958 94.655
2NWW 22.409 36.144 20.84 2NUU 24.891 28.076 41.895
2NWW 26.224 34.557 19.791 2NUU 24.891 28.076 41.895
2NWW 25.834 35.882 19.145 2NUU 24.891 28.076 41.895
2NWW 22.409 36.144 20.84 2NUU 15.696 25.222 92.81
2NWW 22.409 36.144 20.84 2NUU 16.538 19.879 92.332
2NWW 26.224 34.557 19.791 2NUU 15.696 25.222 92.81
2NWW 25.834 35.882 19.145 2NUU 15.696 25.222 92.81
2NWW 25.834 35.882 19.145 2NUU 16.538 19.879 92.332
2NWW 22.409 36.144 20.84 2NUU 16.926 29.17 96.533
2NWW 25.834 35.882 19.145 2NUU 16.926 29.17 96.533
2NWW 22.409 36.144 20.84 2NUU 16.1 24.57 98.341
2NWW 22.409 36.144 20.84 2NUU 17.068 25.142 99.194
2NWW 22.409 36.144 20.84 2NUU 21.49 27.483 99.665
2NWW 22.409 36.144 20.84 2NUU 21.239 22.517 99.679
2NWX 22.906 26.055 23.336 2NUU 20.014 23.332 41.717
2NWX 22.906 26.055 23.336 2NUU 26.681 21.44 42.279
2NWX 17.333 30.461 23.247 2NUU 20.193 28.042 43.455
2NWX 12.678 30.337 19.858 2NUU 21.504 24.12 39.967
2NWX 17.357 26.174 20.216 2NUU 24.891 28.076 41.895
2NWX 12.678 30.337 19.858 2NUU 21.207 23.204 40.995
2NWX 12.678 30.337 19.858 2NUU 24.263 27.156 41.062
2NWX 17.333 30.461 23.247 2NUU 20.111 22.089 46.159
2NWX 12.635 61.006 -10.48 2NUU 24.263 27.156 41.062
2NWX 20.266 63.43 -12.583 2NUU 24.263 27.156 41.062
2NWX 20.968 61.386 -13.8 2NUU 24.891 28.076 41.895
2ONK -21.2 11.284 -16.263 2NUU 15.696 25.222 92.81
2ONK -23.329 14.909 -16.843 2NUU 15.696 25.222 92.81
2ONK 10.953 103.913 -64.762 2NUU 24.891 28.076 41.895
2ONK 10.953 103.913 -64.762 2NUU 15.696 25.222 92.81
2ONK 10.953 103.913 -64.762 2NUU 16.926 29.17 96.533
2ONK 11.09 103.203 -67.149 2NUU 15.696 25.222 92.81
2Q72 9.067 27.652 15.939 2NUU 21.504 24.12 39.967
2Q72 4.747 27 18.665 2NUU 20.014 23.332 41.717
2Q72 9.067 27.652 15.939 2NUU 21.207 23.204 40.995
2Q72 9.067 27.652 15.939 2NUU 24.263 27.156 41.062
2QB4 42.159 27.965 11.526 2NUU 26.681 21.44 42.279
2R6G -28.398 41.636 20.92 2NUU 20.014 23.332 41.717
2R6G -26.25 39.784 16.465 2NUU 21.207 23.204 40.995
2R6G -29.966 43.625 20.972 2NUU 20.193 28.042 43.455
2R6G -26.25 39.784 16.465 2NUU 24.263 27.156 41.062
2R6G -23.575 43.207 21.684 2NUU 15.696 25.222 92.81
2R6G -27.843 43.708 22.29 2NUU 15.696 25.222 92.81
2R6G -29.966 43.625 20.972 2NUU 16.246 25.811 94.103
3B61 -74.894 -93.988 -29.188 2NUU -1.144 1.593 43.661
3B61 -74.894 -93.988 -29.188 2NUU 0.109 0.008 46.171
3B61 -69.961 -75.33 -24.014 2NUU 19.153 22.399 47.313
3B61 -82.383 -75.569 -33.375 2NUU 22.145 19.263 43.895
3B61 -82.383 -75.569 -33.375 2NUU 20.014 23.332 41.717
3B61 -82.543 -79 -29.982 2NUU 22.145 19.263 43.895
3B61 -82.543 -79 -29.982 2NUU 20.014 23.332 41.717
3B61 -82.383 -75.569 -33.375 2NUU 26.681 21.44 42.279
3B61 -87.306 -77.026 -32.006 2NUU 21.207 23.204 40.995
3B61 -87.565 -80.165 -27.67 2NUU 21.207 23.204 40.995
3B61 -82.543 -79 -29.982 2NUU 26.681 21.44 42.279
3B61 -87.306 -77.026 -32.006 2NUU 21.504 24.12 39.967
3B61 -83.551 -83.331 -27.76 2NUU 20.111 22.089 46.159
3B61 -87.565 -80.165 -27.67 2NUU 21.504 24.12 39.967
3B61 -83.551 -83.331 -27.76 2NUU 19.153 22.399 47.313
3B61 -90.565 -76.264 -28.19 2NUU 19.153 22.399 47.313
3B61 -81.581 -83.969 -31.021 2NUU 20.111 22.089 46.159
3B61 -81.581 -83.969 -31.021 2NUU 19.153 22.399 47.313
3B61 -74.894 -93.988 -29.188 2NUU 20.111 22.089 46.159
3B62 17.975 16.722 35.528 2NUU 21.207 23.204 40.995
3B62 19.419 21.642 38.091 2NUU 24.891 28.076 41.895
3B62 17.975 16.722 35.528 2NUU 21.504 24.12 39.967
3B62 26.937 18.77 37.388 2NUU 28.844 25.642 44.041
3B62 15.715 21.016 37.125 2NUU 20.111 22.089 46.159
3B62 15.715 21.016 37.125 2NUU 20.193 28.042 43.455
3B62 26.937 18.77 37.388 2NUU 24.891 28.076 41.895
3B62 17.975 16.722 35.528 2NUU 25.417 22.344 40.445
3B62 26.937 18.77 37.388 2NUU 27.365 21.775 48.148
3B62 17.975 16.722 35.528 2NUU 26.325 22.527 41.474
3B62 23.75 16.771 37.874 2NUU 28.844 25.642 44.041
3B62 23.75 16.771 37.874 2NUU 27.365 21.775 48.148
3B62 23.75 16.771 37.874 2NUU 24.891 28.076 41.895
3B62 25.388 21.971 36.08 2NUU 23.517 28.513 46.32
3B62 37.386 20.003 36.373 2NUU 26.681 21.44 42.279
3B62 23.079 18.41 34.466 2NUU 24.891 28.076 41.895
3B62 23.079 18.41 34.466 2NUU 28.844 25.642 44.041
3B62 17.975 16.722 35.528 2NUU 24.263 27.156 41.062
3B62 31.136 13.961 37.675 2NUU 28.844 25.642 44.041
3B9Z 9.503 23.881 1.167 2NUU 20.111 22.089 46.159
3C1H 49.133 -2.463 20.162 2NUU 27.163 22.724 46.974
2NUU 20.014 23.332 41.717 2NWL 20.59 26.403 24.229
2NUU 24.263 27.156 41.062 2NWL 24.959 33.47 23.851
2NUU 20.193 28.042 43.455 2NWL 19.801 28.558 25.093
2NUU 21.504 24.12 39.967 2NWL 17.068 30.854 22.809
2NUU 24.891 28.076 41.895 2NWL 22.819 26.381 23.02
2NUU 24.891 28.076 41.895 2NWL 25.94 29.4 22.649
2NUU 24.263 27.156 41.062 2NWL 17.068 30.854 22.809
2NUU 21.207 23.204 40.995 2NWL 17.068 30.854 22.809
2NUU 16.246 25.811 94.103 2NWL 19.801 28.558 25.093
2NUU 22.961 27.84 94.541 2NWL 19.801 28.558 25.093
2NUU 15.696 25.222 92.81 2NWL 22.819 26.381 23.02
2NUU 15.696 25.222 92.81 2NWL 25.94 29.4 22.649
2NUU 25.312 25.452 97.223 2NWL 19.801 28.558 25.093
2NUU 21.349 20.958 94.655 2NWL 16.339 26.552 22.198
2NUU 21.597 28.608 98.833 2NWL 19.801 28.558 25.093
2NUU 16.926 29.17 96.533 2NWL 25.94 29.4 22.649
2NUU 21.349 20.958 94.655 2NWL 17.099 25.669 19.971
3B61 -69.961 -75.33 -24.014 2NWL 12.328 30.537 19.4
3B61 -69.961 -75.33 -24.014 2NWL 23.847 23.485 18.648
3B61 -82.383 -75.569 -33.375 2NWL 22.527 23.833 18.913
3B61 -82.543 -79 -29.982 2NWL 22.527 23.833 18.913
3B61 -83.957 -81.434 -32.548 2NWL 18.094 26.041 14.786
3B61 -77.603 -85.588 -35.504 2NWL 17.099 25.669 19.971
3B61 -72.004 -94.893 -33.353 2NWL 18.094 26.041 14.786
3B61 -83.551 -83.331 -27.76 2NWL 23.847 23.485 18.648
3B61 -74.894 -93.988 -29.188 2NWL 23.847 23.485 18.648
3B61 -50.139 -104.708 -45.75 2NWL 22.527 23.833 18.913
3B61 -56.283 -108.915 -30.364 2NWL 23.847 23.485 18.648
3B61 -42.008 -121.292 -37.237 2NWL 22.527 23.833 18.913
3B61 -48.012 -122.323 -36.511 2NWL 18.094 26.041 14.786
3B61 -66.51 -167.257 -21.544 2NWL 23.847 23.485 18.648
3B61 -77.481 -167.25 -32.573 2NWL 22.527 23.833 18.913
3B61 -78.206 -170.654 -29.259 2NWL 22.527 23.833 18.913
3B61 -73.026 -177.268 -34.451 2NWL 17.099 25.669 19.971
3B61 -67.841 -184.05 -36.261 2NWL 23.847 23.485 18.648
3B61 -67.635 -186.582 -31.836 2NWL 18.094 26.041 14.786
3B62 22.778 23.618 20.53 2NWL 23.847 23.485 18.648
3B62 20.24 25.138 18.173 2NWL 23.847 23.485 18.648
3B62 20.254 20.17 18.048 2NWL 22.527 23.833 18.913
3B62 39.687 16.788 18.861 2NWL 33.361 15.84 19.297
3B62 23.094 14.901 15.35 2NWL 27.4 21.545 16.166
3B62 33.89 16.815 16.527 2NWL 27.4 21.545 16.166
3B62 17.691 17.725 14.112 2NWL 22.527 23.833 18.913
3B62 23.094 14.901 15.35 2NWL 23.847 23.485 18.648
3B62 33.89 16.815 16.527 2NWL 23.847 23.485 18.648
3B62 19.451 22.645 34.403 2NWL 22.819 26.381 23.02
3B62 19.451 22.645 34.403 2NWL 24.263 25.909 23.006
3B62 30.663 18.798 17.004 2NWL 25.94 29.4 22.649
3B62 6.763 18.933 21.075 2NWL 12.328 30.537 19.4
3B62 34.555 18.412 19.934 2NWL 24.263 25.909 23.006
3B62 15.727 19.215 33.744 2NWL 19.801 28.558 25.093
3B62 23.079 18.41 34.466 2NWL 24.263 25.909 23.006
3B62 23.079 18.41 34.466 2NWL 22.819 26.381 23.02
3B62 38.198 22.686 20.024 2NWL 25.94 29.4 22.649
3B62 34.555 18.412 19.934 2NWL 25.94 29.4 22.649
2BBJ 42.945 30.297 115.336 2NWW 22.409 36.144 20.84
2NUU 24.891 28.076 41.895 2NWW 22.409 36.144 20.84
2NUU 24.891 28.076 41.895 2NWW 26.224 34.557 19.791
2NUU 24.891 28.076 41.895 2NWW 25.834 35.882 19.145
2NUU 15.696 25.222 92.81 2NWW 22.409 36.144 20.84
2NUU 16.538 19.879 92.332 2NWW 22.409 36.144 20.84
2NUU 15.696 25.222 92.81 2NWW 26.224 34.557 19.791
2NUU 15.696 25.222 92.81 2NWW 25.834 35.882 19.145
2NUU 16.538 19.879 92.332 2NWW 25.834 35.882 19.145
2NUU 16.926 29.17 96.533 2NWW 22.409 36.144 20.84
2NUU 16.926 29.17 96.533 2NWW 25.834 35.882 19.145
2NUU 16.1 24.57 98.341 2NWW 22.409 36.144 20.84
2NUU 17.068 25.142 99.194 2NWW 22.409 36.144 20.84
2NUU 21.49 27.483 99.665 2NWW 22.409 36.144 20.84
2NUU 21.239 22.517 99.679 2NWW 22.409 36.144 20.84
3B61 -75.258 -90.068 -34.312 2NWW 19.465 33.426 12.319
3B61 -72.004 -94.893 -33.353 2NWW 19.465 33.426 12.319
3B61 -59.683 -108.679 -34.175 2NWW 19.465 33.426 12.319
3B61 -64.352 -108.224 -36.304 2NWW 19.465 33.426 12.319
3B61 -70.8 -181.759 -33.083 2NWW 19.465 33.426 12.319
3B61 -67.635 -186.582 -31.836 2NWW 19.465 33.426 12.319
3B61 -56.066 -200.759 -33 2NWW 19.465 33.426 12.319
3B61 -60.881 -200.328 -34.784 2NWW 19.465 33.426 12.319
3B62 30.663 18.798 17.004 2NWW 19.465 33.426 12.319
3B62 19.451 22.645 34.403 2NWW 22.409 36.144 20.84
3B62 32.234 21.989 18.323 2NWW 18.5 36.581 16.003
3B62 19.451 22.645 34.403 2NWW 25.834 35.882 19.145
3B62 23.079 18.41 34.466 2NWW 26.224 34.557 19.791
3B62 23.079 18.41 34.466 2NWW 22.409 36.144 20.84
3B62 23.079 18.41 34.466 2NWW 25.834 35.882 19.145
3B62 26.937 18.77 37.388 2NWW 22.409 36.144 20.84
3B62 21.242 14.267 33.101 2NWW 22.409 36.144 20.84
2NUU 20.014 23.332 41.717 2NWX 22.906 26.055 23.336
2NUU 26.681 21.44 42.279 2NWX 22.906 26.055 23.336
2NUU 20.193 28.042 43.455 2NWX 17.333 30.461 23.247
2NUU 21.504 24.12 39.967 2NWX 12.678 30.337 19.858
2NUU 24.891 28.076 41.895 2NWX 17.357 26.174 20.216
2NUU 21.207 23.204 40.995 2NWX 12.678 30.337 19.858
2NUU 24.263 27.156 41.062 2NWX 12.678 30.337 19.858
2NUU 20.111 22.089 46.159 2NWX 17.333 30.461 23.247
2NUU 24.263 27.156 41.062 2NWX 12.635 61.006 -10.48
2NUU 24.263 27.156 41.062 2NWX 20.266 63.43 -12.583
2NUU 24.891 28.076 41.895 2NWX 20.968 61.386 -13.8
3B62 17.975 16.722 35.528 2NWX 22.989 23.673 18.811
2BL2 37.923 59.826 59.006 2ONK -23.329 14.909 -16.843
2NUU 15.696 25.222 92.81 2ONK -21.2 11.284 -16.263
2NUU 15.696 25.222 92.81 2ONK -23.329 14.909 -16.843
2NUU 24.891 28.076 41.895 2ONK 10.953 103.913 -64.762
2NUU 15.696 25.222 92.81 2ONK 10.953 103.913 -64.762
2NUU 16.926 29.17 96.533 2ONK 10.953 103.913 -64.762
2NUU 15.696 25.222 92.81 2ONK 11.09 103.203 -67.149
3B62 14.56 14.298 33.285 2ONK -14.949 16.513 -19.947
3B62 36.402 14.3 21.283 2ONK -16.805 16.944 -21.555
3B62 23.079 18.41 34.466 2ONK 10.953 103.913 -64.762
3B62 21.242 14.267 33.101 2ONK 10.953 103.913 -64.762
2QB4 38.88 28.273 6.364 2Q6H 38.891 28.25 6.326
2QB4 40.641 25.193 4.594 2Q6H 40.617 25.149 4.581
2QB4 40.071 24.284 8.857 2Q6H 40.082 24.246 8.81
2QB4 40.347 25.902 3.436 2Q6H 40.268 25.863 3.44
2NUU 21.504 24.12 39.967 2Q72 9.067 27.652 15.939
2NUU 20.014 23.332 41.717 2Q72 4.747 27 18.665
2NUU 21.207 23.204 40.995 2Q72 9.067 27.652 15.939
2NUU 24.263 27.156 41.062 2Q72 9.067 27.652 15.939
2NUU 26.681 21.44 42.279 2QB4 42.159 27.965 11.526
2Q6H 38.891 28.25 6.326 2QB4 38.88 28.273 6.364
2Q6H 40.617 25.149 4.581 2QB4 40.641 25.193 4.594
2Q6H 40.082 24.246 8.81 2QB4 40.071 24.284 8.857
2Q6H 40.268 25.863 3.44 2QB4 40.347 25.902 3.436
2NUU 20.014 23.332 41.717 2R6G -28.398 41.636 20.92
2NUU 21.207 23.204 40.995 2R6G -26.25 39.784 16.465
2NUU 20.193 28.042 43.455 2R6G -29.966 43.625 20.972
2NUU 24.263 27.156 41.062 2R6G -26.25 39.784 16.465
2NUU 15.696 25.222 92.81 2R6G -23.575 43.207 21.684
2NUU 15.696 25.222 92.81 2R6G -27.843 43.708 22.29
2NUU 16.246 25.811 94.103 2R6G -29.966 43.625 20.972
3B62 17.975 16.722 35.528 2R6G -26.25 39.784 16.465
3B61 -51.06 -102.03 -54.152 2R9H -47.43 17.729 -38.07
3B61 -51.06 -102.03 -54.152 2R9H -48.205 18.66 -40.273
3B61 -48.77 -194.054 -53.45 2R9H -47.43 17.729 -38.07
3B61 -48.77 -194.054 -53.45 2R9H -48.205 18.66 -40.273
3B61 -51.645 -195.326 -46.157 2R9H -47.43 17.729 -38.07
3B61 -48.77 -194.054 -53.45 2R9H -47.972 18.79 -37.111
3B62 17.975 16.722 35.528 2R9H -40.99 23.827 -37.318
3B62 39.687 16.788 18.861 2R9H -40.99 23.827 -37.318
1KPK 30.221 95.628 11.291 3B61 -75.258 -90.068 -34.312
1KPK 30.221 95.628 11.291 3B61 -72.004 -94.893 -33.353
1KPK 30.221 95.628 11.291 3B61 -59.683 -108.679 -34.175
1KPK 30.221 95.628 11.291 3B61 -56.066 -200.759 -33
1KPK 31.493 95.863 13.453 3B61 -56.066 -200.759 -33
1KPK 53.921 34.755 188.001 3B61 -45.64 -201.819 -50.933
1XFH 17.687 25.35 19.813 3B61 -69.397 -65.203 -9.508
1XFH 17.687 25.35 19.813 3B61 -68.399 -67.982 -7.172
1XFH 17.687 25.35 19.813 3B61 -66.809 -69.339 -10.998
1XFH 17.687 25.35 19.813 3B61 -66.277 -72.538 -9.034
1XFH 17.687 25.35 19.813 3B61 -66.157 -74.088 -14.203
1XFH 20.458 32.763 12.189 3B61 -68.399 -67.982 -7.172
1XFH 20.458 32.763 12.189 3B61 -66.277 -72.538 -9.034
1XFH 20.458 32.763 12.189 3B61 -66.157 -74.088 -14.203
1XFH 17.687 25.35 19.813 3B61 -69.961 -75.33 -24.014
1XFH 20.458 32.763 12.189 3B61 -62.094 -82.521 -17.055
1XFH 20.458 32.763 12.189 3B61 -69.961 -75.33 -24.014
1XFH 20.458 32.763 12.189 3B61 -70.009 -79.263 -19.037
1XFH 17.687 25.35 19.813 3B61 -85.459 -71.596 -33.521
1XFH 15.517 33.032 15.225 3B61 -82.383 -75.569 -33.375
1XFH 18.381 25.545 14.878 3B61 -83.957 -81.434 -32.548
1XFH 20.458 32.763 12.189 3B61 -85.459 -71.596 -33.521
1XFH 15.517 33.032 15.225 3B61 -82.543 -79 -29.982
1XFH 17.235 30.073 22.75 3B61 -82.383 -75.569 -33.375
1XFH 17.687 25.35 19.813 3B61 -83.551 -83.331 -27.76
2B2F 22.058 18.736 1.708 3B61 -59.683 -108.679 -34.175
2BBJ 33.861 29.468 117.761 3B61 -75.258 -90.068 -34.312
2BBJ 33.861 29.468 117.761 3B61 -72.004 -94.893 -33.353
2BBJ 39.846 31.068 117.305 3B61 -74.894 -93.988 -29.188
2BBJ 39.846 31.068 117.305 3B61 -56.283 -108.915 -30.364
2BBJ 33.861 29.468 117.761 3B61 -59.683 -108.679 -34.175
2BBJ 33.861 29.468 117.761 3B61 -70.8 -181.759 -33.083
2BBJ 33.861 29.468 117.761 3B61 -67.635 -186.582 -31.836
2BBJ 39.846 31.068 117.305 3B61 -70.999 -185.776 -28.02
2BBJ 33.861 29.468 117.761 3B61 -56.066 -200.759 -33
2BBJ 39.846 31.068 117.305 3B61 -52.428 -200.99 -29.427
2BL2 41.317 1.501 13.109 3B61 -82.383 -75.569 -33.375
2BL2 43.129 61.763 10.901 3B61 -82.383 -75.569 -33.375
2BL2 42.643 62.833 11.647 3B61 -82.383 -75.569 -33.375
2BL2 43.129 61.763 10.901 3B61 -42.008 -121.292 -37.237
2BL2 42.643 62.833 11.647 3B61 -42.008 -121.292 -37.237
2BL2 43.129 61.763 10.901 3B61 -77.481 -167.25 -32.573
2BL2 42.643 62.833 11.647 3B61 -77.481 -167.25 -32.573
2BL2 43.129 61.763 10.901 3B61 -38.087 -212.981 -37.187
2BL2 42.643 62.833 11.647 3B61 -38.087 -212.981 -37.187
2BL2 43.129 61.763 10.901 3B61 -42.389 -213.216 -39.243
2EXW 15.758 -12.755 21.756 3B61 -74.894 -93.988 -29.188
2HT2 -15.31 -17.121 -26.875 3B61 -83.957 -81.434 -32.548
2HT2 -15.31 -17.121 -26.875 3B61 -48.012 -122.323 -36.511
2HT2 -14.071 -15.55 -29.256 3B61 -44.179 -126.134 -37.652
2HT2 -14.071 -15.55 -29.256 3B61 -82.561 -168.625 -31.93
2HT2 -14.071 -15.55 -29.256 3B61 -47.353 -196.725 -45.111
2HT2 -15.31 -17.121 -26.875 3B61 -43.919 -214.156 -35.916
2NPC 40.75 3.164 10.779 3B61 -70.067 -71.138 -26.396
2NPC 42.699 2.005 12.812 3B61 -64.087 -166.05 -11.833
2NPC 42.699 2.005 12.812 3B61 -48.77 -194.054 -53.45
2NPK 42.561 17.332 9.576 3B61 -69.397 -65.203 -9.508
2NPK 42.561 17.332 9.576 3B61 -68.399 -67.982 -7.172
2NPK 42.561 17.332 9.576 3B61 -66.809 -69.339 -10.998
2NPK 44.786 15.623 5.163 3B61 -68.399 -67.982 -7.172
2NPK 42.561 17.332 9.576 3B61 -66.277 -72.538 -9.034
2NPK 44.786 15.623 5.163 3B61 -66.277 -72.538 -9.034
2NPK 44.786 15.623 5.163 3B61 -61.785 -77.72 -15.805
2NPK 42.561 17.332 9.576 3B61 -61.785 -77.72 -15.805
2NPK 44.786 15.623 5.163 3B61 -66.157 -74.088 -14.203
2NPK 42.561 17.332 9.576 3B61 -66.157 -74.088 -14.203
2NPK 44.786 15.623 5.163 3B61 -64.345 -78.978 -13.295
2NPK 42.561 17.332 9.576 3B61 -64.345 -78.978 -13.295
2NPK 44.786 15.623 5.163 3B61 -62.094 -82.521 -17.055
2NPK 42.561 17.332 9.576 3B61 -62.094 -82.521 -17.055
2NPK 42.131 17.142 13.711 3B61 -70.067 -71.138 -26.396
2NPK 42.561 17.332 9.576 3B61 -64.801 -78.248 -27.94
2NPK 44.786 15.623 5.163 3B61 -69.961 -75.33 -24.014
2NPK 42.561 17.332 9.576 3B61 -69.961 -75.33 -24.014
2NPK 44.786 15.623 5.163 3B61 -71.523 -72.889 -29.468
2NUU -1.144 1.593 43.661 3B61 -74.894 -93.988 -29.188
2NUU 0.109 0.008 46.171 3B61 -74.894 -93.988 -29.188
2NUU 19.153 22.399 47.313 3B61 -69.961 -75.33 -24.014
2NUU 22.145 19.263 43.895 3B61 -82.383 -75.569 -33.375
2NUU 20.014 23.332 41.717 3B61 -82.383 -75.569 -33.375
2NUU 22.145 19.263 43.895 3B61 -82.543 -79 -29.982
2NUU 20.014 23.332 41.717 3B61 -82.543 -79 -29.982
2NUU 26.681 21.44 42.279 3B61 -82.383 -75.569 -33.375
2NUU 21.207 23.204 40.995 3B61 -87.306 -77.026 -32.006
2NUU 21.207 23.204 40.995 3B61 -87.565 -80.165 -27.67
2NUU 26.681 21.44 42.279 3B61 -82.543 -79 -29.982
2NUU 21.504 24.12 39.967 3B61 -87.306 -77.026 -32.006
2NUU 20.111 22.089 46.159 3B61 -83.551 -83.331 -27.76
2NUU 21.504 24.12 39.967 3B61 -87.565 -80.165 -27.67
2NUU 19.153 22.399 47.313 3B61 -83.551 -83.331 -27.76
2NUU 19.153 22.399 47.313 3B61 -90.565 -76.264 -28.19
2NUU 20.111 22.089 46.159 3B61 -81.581 -83.969 -31.021
2NUU 19.153 22.399 47.313 3B61 -81.581 -83.969 -31.021
2NUU 20.111 22.089 46.159 3B61 -74.894 -93.988 -29.188
2NWL 12.328 30.537 19.4 3B61 -69.961 -75.33 -24.014
2NWL 23.847 23.485 18.648 3B61 -69.961 -75.33 -24.014
2NWL 22.527 23.833 18.913 3B61 -82.383 -75.569 -33.375
2NWL 22.527 23.833 18.913 3B61 -82.543 -79 -29.982
2NWL 18.094 26.041 14.786 3B61 -83.957 -81.434 -32.548
2NWL 17.099 25.669 19.971 3B61 -77.603 -85.588 -35.504
2NWL 18.094 26.041 14.786 3B61 -72.004 -94.893 -33.353
2NWL 23.847 23.485 18.648 3B61 -83.551 -83.331 -27.76
2NWL 23.847 23.485 18.648 3B61 -74.894 -93.988 -29.188
2NWL 22.527 23.833 18.913 3B61 -50.139 -104.708 -45.75
2NWL 23.847 23.485 18.648 3B61 -56.283 -108.915 -30.364
2NWL 22.527 23.833 18.913 3B61 -42.008 -121.292 -37.237
2NWL 18.094 26.041 14.786 3B61 -48.012 -122.323 -36.511
2NWL 23.847 23.485 18.648 3B61 -66.51 -167.257 -21.544
2NWL 22.527 23.833 18.913 3B61 -77.481 -167.25 -32.573
2NWL 22.527 23.833 18.913 3B61 -78.206 -170.654 -29.259
2NWL 17.099 25.669 19.971 3B61 -73.026 -177.268 -34.451
2NWL 23.847 23.485 18.648 3B61 -67.841 -184.05 -36.261
2NWL 18.094 26.041 14.786 3B61 -67.635 -186.582 -31.836
2NWW 19.465 33.426 12.319 3B61 -75.258 -90.068 -34.312
2NWW 19.465 33.426 12.319 3B61 -72.004 -94.893 -33.353
2NWW 19.465 33.426 12.319 3B61 -59.683 -108.679 -34.175
2NWW 19.465 33.426 12.319 3B61 -64.352 -108.224 -36.304
2NWW 19.465 33.426 12.319 3B61 -70.8 -181.759 -33.083
2NWW 19.465 33.426 12.319 3B61 -67.635 -186.582 -31.836
2NWW 19.465 33.426 12.319 3B61 -56.066 -200.759 -33
2NWW 19.465 33.426 12.319 3B61 -60.881 -200.328 -34.784
2R9H -47.43 17.729 -38.07 3B61 -51.06 -102.03 -54.152
2R9H -48.205 18.66 -40.273 3B61 -51.06 -102.03 -54.152
2R9H -47.43 17.729 -38.07 3B61 -48.77 -194.054 -53.45
2R9H -48.205 18.66 -40.273 3B61 -48.77 -194.054 -53.45
2R9H -47.43 17.729 -38.07 3B61 -51.645 -195.326 -46.157
2R9H -47.972 18.79 -37.111 3B61 -48.77 -194.054 -53.45
3B62 9.425 9.369 13.295 3B61 -49.193 -64.849 9.527
3B62 6.887 11.694 15.984 3B61 -49.193 -64.849 9.527
3B62 9.425 9.369 13.295 3B61 -47.41 -68.043 8.404
3B62 4.037 15.517 13.979 3B61 -49.193 -64.849 9.527
3B62 6.887 11.694 15.984 3B61 -47.41 -68.043 8.404
3B62 5.072 15.029 17.621 3B61 -46.647 -67.718 13.715
3B62 5.072 15.029 17.621 3B61 -50.063 -66.081 13.031
3B62 7.453 14.112 13.109 3B61 -50.063 -66.081 13.031
3B62 8.677 5.772 14.279 3B61 -52.041 -71.785 6.513
3B62 18.559 7.328 15.885 3B61 -49.193 -64.849 9.527
3B62 9.425 9.369 13.295 3B61 -52.81 -68.16 7.208
3B62 9.425 9.369 13.295 3B61 -52.331 -69.185 10.843
3B62 6.887 11.694 15.984 3B61 -52.81 -68.16 7.208
3B62 6.887 11.694 15.984 3B61 -52.331 -69.185 10.843
3B62 18.559 7.328 15.885 3B61 -47.41 -68.043 8.404
3B62 4.107 20.228 18.724 3B61 -49.193 -64.849 9.527
3B62 5.072 15.029 17.621 3B61 -49.027 -70.962 10.277
3B62 9.425 9.369 13.295 3B61 -52.041 -71.785 6.513
3B62 -2.134 6.1 20.023 3B61 -69.397 -65.203 -9.508
3c1j 37.521 3.617 11.567 3B61 -68.399 -67.982 -7.172
3c1j 37.521 3.617 11.567 3B61 -66.277 -72.538 -9.034
3c1j 37.521 3.617 11.567 3B61 -69.961 -75.33 -24.014
3c1j 37.521 3.617 11.567 3B61 -51.06 -102.03 -54.152
3c1j 37.521 3.617 11.567 3B61 -64.087 -166.05 -11.833
3c1j 37.521 3.617 11.567 3B61 -48.77 -194.054 -53.45
3c1j 41.666 3.832 10.449 3B61 -48.77 -194.054 -53.45
1KPK 33.587 91.675 15.437 3B62 23.079 18.41 34.466
1KPK 30.221 95.628 11.291 3B62 19.451 22.645 34.403
1KPK 33.587 91.675 15.437 3B62 21.242 14.267 33.101
1KPK 31.493 95.863 13.453 3B62 23.079 18.41 34.466
1KPK 30.221 95.628 11.291 3B62 23.079 18.41 34.466
1XFH 17.687 25.35 19.813 3B62 17.33 22.826 14.579
1XFH 17.687 25.35 19.813 3B62 14.121 20.999 15.51
1XFH 18.381 25.545 14.878 3B62 14.592 19.003 12.331
1XFH 24.511 22.662 18.287 3B62 21.461 15.006 18.854
1XFH 24.511 22.662 18.287 3B62 23.094 14.901 15.35
1XFH 23.212 23.118 18.392 3B62 30.663 18.798 17.004
1XFH 18.381 25.545 14.878 3B62 15.817 17.033 17.35
1XFH 23.212 23.118 18.392 3B62 26.542 14.083 16.745
1XFH 20.458 32.763 12.189 3B62 17.33 22.826 14.579
1XFH 18.381 25.545 14.878 3B62 9.368 21.062 19.361
1XFH 17.687 25.35 19.813 3B62 21.461 15.006 18.854
1XFH 24.511 22.662 18.287 3B62 33.89 16.815 16.527
1XFH 17.235 30.073 22.75 3B62 20.254 20.17 18.048
1XFH 24.594 24.531 22.6 3B62 34.555 18.412 19.934
1XFH 23.212 23.118 18.392 3B62 34.555 18.412 19.934
1XFH 24.511 22.662 18.287 3B62 33.191 13.569 19.434
1XFH 17.687 25.35 19.813 3B62 6.763 18.933 21.075
1XFH 17.687 25.35 19.813 3B62 7.959 17.406 17.041
1XFH 20.454 27.413 25.099 3B62 25.388 21.971 36.08
2B2F 26.372 20.315 6.807 3B62 39.687 16.788 18.861
2B2F 26.978 18.149 5.71 3B62 36.402 14.3 21.283
2B2F 24.201 23.899 8.319 3B62 21.242 14.267 33.101
2B2F 21.134 23.02 4.839 3B62 19.931 10.428 28.884
2B2F 26.978 18.149 5.71 3B62 21.242 14.267 33.101
2B2F 26.877 17.093 1.656 3B62 23.454 13.243 30.211
2B2F 26.877 17.093 1.656 3B62 25.872 16.437 32.81
2B2I 9.362 -29.809 -40.82 3B62 21.242 14.267 33.101
2BBJ 39.648 29.174 111.884 3B62 23.75 16.771 37.874
2BBJ 42.945 30.297 115.336 3B62 23.75 16.771 37.874
2BBJ 33.861 29.468 117.761 3B62 23.75 16.771 37.874
2BBJ 39.846 31.068 117.305 3B62 53.198 12.222 31.422
2BBJ 39.648 29.174 111.884 3B62 36.402 14.3 21.283
2BBJ 42.945 30.297 115.336 3B62 36.402 14.3 21.283
2BBJ 33.861 29.468 117.761 3B62 36.402 14.3 21.283
2BBJ 33.861 29.468 117.761 3B62 34.555 18.412 19.934
2BBJ 32.737 36.206 117.603 3B62 36.402 14.3 21.283
2BBJ 31.351 36.141 117.695 3B62 36.402 14.3 21.283
2NPC 42.699 2.005 12.812 3B62 43.666 8.064 21.32
2NPC 42.699 2.005 12.812 3B62 41.812 11.413 19.128
2NPC 42.699 2.005 12.812 3B62 46.465 10.571 21.194
2NPC 42.699 2.005 12.812 3B62 53.198 12.222 31.422
2NPC 42.699 2.005 12.812 3B62 36.203 14.913 35.542
2NPC 42.699 2.005 12.812 3B62 33.4 11.147 36.494
2NPC 40.75 3.164 10.779 3B62 13.8 14.362 15.552
2NPC 36.702 3.316 11.67 3B62 4.414 12.211 22.968
2NPK 48.423 16.478 13.352 3B62 49.595 19.742 14.758
2NPK 48.423 16.478 13.352 3B62 52.986 18.121 15.326
2NPK 43.522 12.3 12.607 3B62 41.62 16.288 15.593
2NPK 43.522 12.3 12.607 3B62 45.279 11.02 17.591
2NPK 48.36 16.792 12.013 3B62 44.613 15.477 17.82
2NPK 48.423 16.478 13.352 3B62 52.034 15.776 19.395
2NPK 48.36 16.792 12.013 3B62 50.307 19.163 19.606
2NPK 49.144 17.823 11.463 3B62 50.307 19.163 19.606
2NPK 42.561 17.332 9.576 3B62 41.916 21.09 17.313
2NPK 48.36 16.792 12.013 3B62 41.812 11.413 19.128
2NPK 48.36 16.792 12.013 3B62 46.465 10.571 21.194
2NPK 42.561 17.332 9.576 3B62 41.812 11.413 19.128
2NPK 42.561 17.332 9.576 3B62 33.191 13.569 19.434
2NPK 48.423 16.478 13.352 3B62 51.875 15.369 27.27
2NPK 43.522 12.3 12.607 3B62 51.645 18.12 24.086
2NPK 48.36 16.792 12.013 3B62 33.191 13.569 19.434
2NPK 42.131 17.142 13.711 3B62 23.983 19.912 17.26
2NPK 43.522 12.3 12.607 3B62 49.778 10.576 31.423
2NPK 42.561 17.332 9.576 3B62 23.094 14.901 15.35
2NUU 21.207 23.204 40.995 3B62 17.975 16.722 35.528
2NUU 24.891 28.076 41.895 3B62 19.419 21.642 38.091
2NUU 21.504 24.12 39.967 3B62 17.975 16.722 35.528
2NUU 28.844 25.642 44.041 3B62 26.937 18.77 37.388
2NUU 20.111 22.089 46.159 3B62 15.715 21.016 37.125
2NUU 20.193 28.042 43.455 3B62 15.715 21.016 37.125
2NUU 24.891 28.076 41.895 3B62 26.937 18.77 37.388
2NUU 25.417 22.344 40.445 3B62 17.975 16.722 35.528
2NUU 27.365 21.775 48.148 3B62 26.937 18.77 37.388
2NUU 26.325 22.527 41.474 3B62 17.975 16.722 35.528
2NUU 28.844 25.642 44.041 3B62 23.75 16.771 37.874
2NUU 27.365 21.775 48.148 3B62 23.75 16.771 37.874
2NUU 24.891 28.076 41.895 3B62 23.75 16.771 37.874
2NUU 23.517 28.513 46.32 3B62 25.388 21.971 36.08
2NUU 26.681 21.44 42.279 3B62 37.386 20.003 36.373
2NUU 24.891 28.076 41.895 3B62 23.079 18.41 34.466
2NUU 28.844 25.642 44.041 3B62 23.079 18.41 34.466
2NUU 24.263 27.156 41.062 3B62 17.975 16.722 35.528
2NUU 28.844 25.642 44.041 3B62 31.136 13.961 37.675
2NWL 23.847 23.485 18.648 3B62 22.778 23.618 20.53
2NWL 23.847 23.485 18.648 3B62 20.24 25.138 18.173
2NWL 22.527 23.833 18.913 3B62 20.254 20.17 18.048
2NWL 33.361 15.84 19.297 3B62 39.687 16.788 18.861
2NWL 27.4 21.545 16.166 3B62 23.094 14.901 15.35
2NWL 27.4 21.545 16.166 3B62 33.89 16.815 16.527
2NWL 22.527 23.833 18.913 3B62 17.691 17.725 14.112
2NWL 23.847 23.485 18.648 3B62 23.094 14.901 15.35
2NWL 23.847 23.485 18.648 3B62 33.89 16.815 16.527
2NWL 22.819 26.381 23.02 3B62 19.451 22.645 34.403
2NWL 24.263 25.909 23.006 3B62 19.451 22.645 34.403
2NWL 25.94 29.4 22.649 3B62 30.663 18.798 17.004
2NWL 12.328 30.537 19.4 3B62 6.763 18.933 21.075
2NWL 24.263 25.909 23.006 3B62 34.555 18.412 19.934
2NWL 19.801 28.558 25.093 3B62 15.727 19.215 33.744
2NWL 24.263 25.909 23.006 3B62 23.079 18.41 34.466
2NWL 22.819 26.381 23.02 3B62 23.079 18.41 34.466
2NWL 25.94 29.4 22.649 3B62 38.198 22.686 20.024
2NWL 25.94 29.4 22.649 3B62 34.555 18.412 19.934
2NWW 19.465 33.426 12.319 3B62 30.663 18.798 17.004
2NWW 22.409 36.144 20.84 3B62 19.451 22.645 34.403
2NWW 18.5 36.581 16.003 3B62 32.234 21.989 18.323
2NWW 25.834 35.882 19.145 3B62 19.451 22.645 34.403
2NWW 26.224 34.557 19.791 3B62 23.079 18.41 34.466
2NWW 22.409 36.144 20.84 3B62 23.079 18.41 34.466
2NWW 25.834 35.882 19.145 3B62 23.079 18.41 34.466
2NWW 22.409 36.144 20.84 3B62 26.937 18.77 37.388
2NWW 22.409 36.144 20.84 3B62 21.242 14.267 33.101
2NWX 22.989 23.673 18.811 3B62 17.975 16.722 35.528
2ONK -14.949 16.513 -19.947 3B62 14.56 14.298 33.285
2ONK -16.805 16.944 -21.555 3B62 36.402 14.3 21.283
2ONK 10.953 103.913 -64.762 3B62 23.079 18.41 34.466
2ONK 10.953 103.913 -64.762 3B62 21.242 14.267 33.101
2R6G -26.25 39.784 16.465 3B62 17.975 16.722 35.528
2R9H -40.99 23.827 -37.318 3B62 17.975 16.722 35.528
2R9H -40.99 23.827 -37.318 3B62 39.687 16.788 18.861
3B61 -49.193 -64.849 9.527 3B62 9.425 9.369 13.295
3B61 -49.193 -64.849 9.527 3B62 6.887 11.694 15.984
3B61 -47.41 -68.043 8.404 3B62 9.425 9.369 13.295
3B61 -49.193 -64.849 9.527 3B62 4.037 15.517 13.979
3B61 -47.41 -68.043 8.404 3B62 6.887 11.694 15.984
3B61 -46.647 -67.718 13.715 3B62 5.072 15.029 17.621
3B61 -50.063 -66.081 13.031 3B62 5.072 15.029 17.621
3B61 -50.063 -66.081 13.031 3B62 7.453 14.112 13.109
3B61 -52.041 -71.785 6.513 3B62 8.677 5.772 14.279
3B61 -49.193 -64.849 9.527 3B62 18.559 7.328 15.885
3B61 -52.81 -68.16 7.208 3B62 9.425 9.369 13.295
3B61 -52.331 -69.185 10.843 3B62 9.425 9.369 13.295
3B61 -52.81 -68.16 7.208 3B62 6.887 11.694 15.984
3B61 -52.331 -69.185 10.843 3B62 6.887 11.694 15.984
3B61 -47.41 -68.043 8.404 3B62 18.559 7.328 15.885
3B61 -49.193 -64.849 9.527 3B62 4.107 20.228 18.724
3B61 -49.027 -70.962 10.277 3B62 5.072 15.029 17.621
3B61 -52.041 -71.785 6.513 3B62 9.425 9.369 13.295
3B61 -69.397 -65.203 -9.508 3B62 -2.134 6.1 20.023
3c1j 41.666 3.832 10.449 3B62 41.812 11.413 19.128
3c1j 37.521 3.617 11.567 3B62 41.812 11.413 19.128
3c1j 41.666 3.832 10.449 3B62 43.666 8.064 21.32
3c1j 41.666 3.832 10.449 3B62 46.465 10.571 21.194
3c1j 43.479 2.269 12.67 3B62 33.598 17.323 34.222
3c1j 43.479 2.269 12.67 3B62 43.874 14.178 38.712
3c1j 41.666 3.832 10.449 3B62 50.896 18.858 33.185
3c1j 36.724 6.807 8.317 3B62 4.414 12.211 22.968
3c1j 37.521 3.617 11.567 3B62 4.414 12.211 22.968
3c1j 41.666 3.832 10.449 3B62 4.414 12.211 22.968
2NUU 20.111 22.089 46.159 3B9Z 9.503 23.881 1.167
2BL2 43.27 64.43 16.601 3C1H 48.863 2.857 13.274
2NUU 27.163 22.724 46.974 3C1H 49.133 -2.463 20.162
3B61 -68.399 -67.982 -7.172 3C1J 37.521 3.617 11.567
3B61 -66.277 -72.538 -9.034 3C1J 37.521 3.617 11.567
3B61 -69.961 -75.33 -24.014 3C1J 37.521 3.617 11.567
3B61 -51.06 -102.03 -54.152 3C1J 37.521 3.617 11.567
3B61 -64.087 -166.05 -11.833 3C1J 37.521 3.617 11.567
3B61 -48.77 -194.054 -53.45 3C1J 37.521 3.617 11.567
3B61 -48.77 -194.054 -53.45 3C1J 41.666 3.832 10.449
3B62 41.812 11.413 19.128 3C1J 41.666 3.832 10.449
3B62 41.812 11.413 19.128 3C1J 37.521 3.617 11.567
3B62 43.666 8.064 21.32 3C1J 41.666 3.832 10.449
3B62 46.465 10.571 21.194 3C1J 41.666 3.832 10.449
3B62 33.598 17.323 34.222 3C1J 43.479 2.269 12.67
3B62 43.874 14.178 38.712 3C1J 43.479 2.269 12.67
3B62 50.896 18.858 33.185 3C1J 41.666 3.832 10.449
3B62 4.414 12.211 22.968 3C1J 36.724 6.807 8.317
3B62 4.414 12.211 22.968 3C1J 37.521 3.617 11.567
3B62 4.414 12.211 22.968 3C1J 41.666 3.832 10.449
3c1j 56.493 4.288 0.947 3C1J 56.493 4.288 0.947
3c1j 52.506 14.6 -3.625 3C1J 52.506 14.6 -3.625
3c1j 50.916 2.812 8.218 3C1J 50.916 2.812 8.218
3c1j 48.761 30.159 36.693 3C1J 48.761 30.159 36.693
3c1j 49.426 28.775 36.706 3C1J 49.426 28.775 36.706
3c1j 53.75 20.704 27.988 3C1J 53.75 20.704 27.988
3c1j 47.275 23.989 31.201 3C1J 47.275 23.989 31.201
3c1j 39.113 2.516 25.905 3C1J 39.113 2.516 25.905
3c1j 38.928 0.231 26.909 3C1J 38.928 0.231 26.909
