1VRV 120.563 20.243 -24.59 1VKR 320.562 220.242 175.408
1VRV 118.486 17.302 -18.819 1VKR 318.485 217.302 181.179
1VRV 113.538 15.397 -20.94 1VKR 313.537 215.397 179.059
1VRV 115.516 18.408 -24.993 1VKR 315.516 218.408 175.005
1VKR 320.562 220.242 175.408 1VRV 120.563 20.243 -24.59
1VKR 318.485 217.302 181.179 1VRV 118.486 17.302 -18.819
1VKR 313.537 215.397 179.059 1VRV 113.538 15.397 -20.94
1VKR 315.516 218.408 175.005 1VRV 115.516 18.408 -24.993
2JZN 8.381 -21.912 3.158 1VSQ 8.381 -21.912 3.158
2JZN 11.821 15.625 17.302 1VSQ 11.821 15.625 17.302
2JZN 10.871 17.903 16.764 1VSQ 10.871 17.903 16.764
2JZN 13.119 17.225 15.894 1VSQ 13.119 17.225 15.894
2HXH 25.004 37.101 87.463 2HXF 25.004 37.101 87.463
2HXH 26.055 41.176 86.664 2HXF 26.055 41.176 86.664
2HXH 22.371 20.69 65.91 2HXF 22.371 20.69 65.91
2HXH 23.975 18.827 65.586 2HXF 23.975 18.827 65.586
2HXH 39.275 18.959 63.472 2HXF 39.275 18.959 63.472
2HXH 24.784 20.724 83.168 2HXF 24.784 20.724 83.168
2HXH 26.031 19.486 25.263 2HXF 26.031 19.486 25.263
2HXH 26.718 18.413 33.75 2HXF 26.718 18.413 33.75
2HXH 50.506 19.104 30.472 2HXF 50.506 19.104 30.472
2HXH 22.674 44.408 17.041 2HXF 22.674 44.408 17.041
2HXF 19.103 43.458 62.105 2HXH 19.103 43.458 62.105
2HXF 15.371 37.311 62.7 2HXH 15.371 37.311 62.7
2HXF 19.329 17.52 77.008 2HXH 19.329 17.52 77.008
2HXF 49.151 20.92 37.787 2HXH 49.151 20.92 37.787
2HXF 26.031 19.486 25.263 2HXH 26.031 19.486 25.263
2HXF 27.556 15.595 32.152 2HXH 27.556 15.595 32.152
2HXF 26.718 18.413 33.75 2HXH 26.718 18.413 33.75
2HXF 28.511 17.159 34.303 2HXH 28.511 17.159 34.303
1VSQ 11.994 -2.64 16.625 2JZN 11.994 -2.64 16.625
1VSQ 13.309 -2.528 16.483 2JZN 13.309 -2.528 16.483
