2zcp 48.967 17.916 11.39 1ezf -2.509 44.194 32.814
2zcp 53.99 18.104 15.265 1ezf -2.509 44.194 32.814
2zcp 48.967 17.916 11.39 1ezf -5.436 47.849 36.076
2zcp 52.771 21.563 9.51 1ezf -4.526 43.638 35.967
2zcp 58.076 17.106 12.506 1ezf -2.509 44.194 32.814
2zcp 53.99 18.104 15.265 1ezf -5.436 47.849 36.076
2zcp 58.176 18.43 11.979 1ezf -4.526 43.638 35.967
2zcp 48.967 17.916 11.39 1ezf -20.759 63.879 65.982
2zcp 48.967 17.916 11.39 1ezf -18.301 69.011 66.577
2zcp 53.99 18.104 15.265 1ezf -20.759 63.879 65.982
2zcp 53.199 -19.756 19.125 1ezf -27.041 27.878 58.893
2zcp 53.99 18.104 15.265 1ezf -18.301 69.011 66.577
2zcp 55.005 -18.011 15.406 1ezf -27.041 27.878 58.893
2zcp 53.99 18.104 15.265 1ezf -21.004 71.555 64.915
2zcp 58.076 17.106 12.506 1ezf -20.759 63.879 65.982
2zcp 53.199 -19.756 19.125 1ezf -29.294 30.931 63.747
2zcp 58.076 17.106 12.506 1ezf -18.301 69.011 66.577
2zcp 59.009 -18.235 18.705 1ezf -27.91 28.968 63.032
2zcp 55.005 -18.011 15.406 1ezf -29.294 30.931 63.747
2zcq 12.425 61.124 42.792 1ezf -27.041 27.878 58.893
2zcq 7.153 65.543 36.898 1ezf -27.041 27.878 58.893
2zcq 12.425 61.124 42.792 1ezf -29.294 30.931 63.747
2zcq 12.425 61.124 42.792 1ezf -31.013 37.005 67.822
2zcr 10.671 56.257 40.71 1ezf -27.91 28.968 63.032
2zcr 8.17 56.534 40.515 1ezf -34.898 34.925 67.769
2zcr 13.947 59.887 42.71 1ezf -29.294 30.931 63.747
2zcq 15.812 61.172 36.855 2zcp 53.773 19.202 9.555
2zcq 11.468 63.377 36.595 2zcp 52.771 21.563 9.51
2zcq 12.425 61.124 42.792 2zcp 52.771 21.563 9.51
2zcq 13.005 51.605 44.027 2zcp 53.424 -21.181 21.129
2zcq 11.385 56.745 45.729 2zcp 53.199 -19.756 19.125
2zcq 15.812 61.172 36.855 2zcp 59.009 -18.235 18.705
2zcq 12.425 61.124 42.792 2zcp 53.199 -19.756 19.125
2zcq 12.425 61.124 42.792 2zcp 55.005 -18.011 15.406
2zcq 12.425 61.124 42.792 2zcp 59.168 -16.92 18.186
2zcq 11.468 63.377 36.595 2zcp 53.199 -19.756 19.125
2zcq 7.153 65.543 36.898 2zcp 53.199 -19.756 19.125
2zcr 10.671 56.257 40.71 2zcp 59.009 -18.235 18.705
2zcr 13.947 59.887 42.71 2zcp 53.199 -19.756 19.125
2zcr 13.947 59.887 42.71 2zcp 55.005 -18.011 15.406
2zcr 13.947 59.887 42.71 2zcp 59.168 -16.92 18.186
2zcr 11.281 65.081 39.041 2zcp 53.199 -19.756 19.125
