2zco 47.299 -2.592 52.402 1ezf -38.061 25.284 18.82
2zco 57.231 0.545 65.274 1ezf -22.86 20.915 5.329
2zco 57.231 0.545 65.274 1ezf -21.108 28.415 5.265
2zco 58.91 0.781 22.028 1ezf -31.819 49.951 28.075
2zco 68.922 35.451 52.566 1ezf -31.819 49.951 28.075
2zco 68.922 35.451 52.566 1ezf -32.472 94.793 43.073
2zco 58.91 0.781 22.028 1ezf -32.472 94.793 43.073
2zco 57.231 0.545 65.274 1ezf -29.614 96.827 35.707
1ezf -38.061 25.284 18.82 2zco 47.299 -2.592 52.402
1ezf -22.86 20.915 5.329 2zco 57.231 0.545 65.274
1ezf -21.108 28.415 5.265 2zco 57.231 0.545 65.274
1ezf -31.819 49.951 28.075 2zco 58.91 0.781 22.028
1ezf -31.819 49.951 28.075 2zco 68.922 35.451 52.566
1ezf -32.472 94.793 43.073 2zco 68.922 35.451 52.566
1ezf -32.472 94.793 43.073 2zco 58.91 0.781 22.028
1ezf -29.614 96.827 35.707 2zco 57.231 0.545 65.274
