1ezf -2.509 44.194 32.814 2zcp 48.967 17.916 11.39
1ezf -2.509 44.194 32.814 2zcp 53.99 18.104 15.265
1ezf -5.436 47.849 36.076 2zcp 48.967 17.916 11.39
1ezf -4.526 43.638 35.967 2zcp 52.771 21.563 9.51
1ezf -2.509 44.194 32.814 2zcp 58.076 17.106 12.506
1ezf -5.436 47.849 36.076 2zcp 53.99 18.104 15.265
1ezf -4.526 43.638 35.967 2zcp 58.176 18.43 11.979
1ezf -20.759 63.879 65.982 2zcp 48.967 17.916 11.39
1ezf -18.301 69.011 66.577 2zcp 48.967 17.916 11.39
1ezf -20.759 63.879 65.982 2zcp 53.99 18.104 15.265
1ezf -27.041 27.878 58.893 2zcp 53.199 -19.756 19.125
1ezf -18.301 69.011 66.577 2zcp 53.99 18.104 15.265
1ezf -27.041 27.878 58.893 2zcp 55.005 -18.011 15.406
1ezf -21.004 71.555 64.915 2zcp 53.99 18.104 15.265
1ezf -20.759 63.879 65.982 2zcp 58.076 17.106 12.506
1ezf -29.294 30.931 63.747 2zcp 53.199 -19.756 19.125
1ezf -18.301 69.011 66.577 2zcp 58.076 17.106 12.506
1ezf -27.91 28.968 63.032 2zcp 59.009 -18.235 18.705
1ezf -29.294 30.931 63.747 2zcp 55.005 -18.011 15.406
